 &plot nbnd=  20, nks=   121 /
            0.000000  0.000000  0.000000
  -61.106  -35.238  -35.033  -35.033  -14.292  -12.987   -5.810   -2.818   -2.818   -1.980
   -1.714   -1.714   -0.211    2.547    2.547    2.796    2.796    5.064    5.436    5.909
            0.012500  0.007217  0.000000
  -61.106  -35.238  -35.034  -35.033  -14.290  -12.987   -5.807   -2.823   -2.815   -2.006
   -1.718   -1.692   -0.212    2.543    2.551    2.789    2.793    5.068    5.439    5.919
            0.025000  0.014434  0.000000
  -61.106  -35.237  -35.035  -35.034  -14.283  -12.984   -5.799   -2.840   -2.808   -2.067
   -1.730   -1.641   -0.215    2.532    2.564    2.767    2.785    5.081    5.448    5.946
            0.037500  0.021651  0.000000
  -61.105  -35.237  -35.038  -35.034  -14.271  -12.979   -5.786   -2.867   -2.796   -2.144
   -1.749   -1.580   -0.220    2.513    2.586    2.732    2.772    5.102    5.463    5.991
            0.050000  0.028868  0.000000
  -61.105  -35.236  -35.042  -35.035  -14.255  -12.972   -5.767   -2.904   -2.779   -2.229
   -1.776   -1.520   -0.227    2.489    2.615    2.685    2.753    5.130    5.485    6.051
            0.062500  0.036084  0.000000
  -61.105  -35.235  -35.048  -35.036  -14.234  -12.964   -5.743   -2.950   -2.757   -2.318
   -1.809   -1.462   -0.238    2.462    2.629    2.651    2.729    5.164    5.512    6.123
            0.075000  0.043301  0.000000
  -61.104  -35.234  -35.054  -35.038  -14.209  -12.953   -5.715   -3.005   -2.731   -2.409
   -1.848   -1.411   -0.251    2.433    2.565    2.694    2.702    5.204    5.545    6.203
            0.087500  0.050518  0.000000
  -61.103  -35.232  -35.061  -35.039  -14.180  -12.941   -5.682   -3.067   -2.701   -2.503
   -1.892   -1.366   -0.269    2.405    2.497    2.670    2.743    5.250    5.584    6.285
            0.100000  0.057735  0.000000
  -61.102  -35.231  -35.069  -35.041  -14.146  -12.927   -5.644   -3.137   -2.666   -2.597
   -1.942   -1.329   -0.290    2.380    2.426    2.635    2.797    5.301    5.629    6.368
            0.112500  0.064952  0.000000
  -61.102  -35.229  -35.078  -35.043  -14.108  -12.912   -5.604   -3.211   -2.693   -2.626
   -1.996   -1.301   -0.317    2.355    2.359    2.596    2.855    5.356    5.680    6.448
            0.125000  0.072169  0.000000
  -61.101  -35.227  -35.088  -35.046  -14.066  -12.895   -5.560   -3.290   -2.790   -2.583
   -2.053   -1.282   -0.349    2.285    2.345    2.556    2.917    5.416    5.736    6.525
            0.137500  0.079386  0.000000
  -61.099  -35.225  -35.099  -35.048  -14.020  -12.876   -5.513   -3.372   -2.887   -2.536
   -2.113   -1.273   -0.386    2.220    2.339    2.514    2.981    5.481    5.798    6.601
            0.150000  0.086603  0.000000
  -61.098  -35.222  -35.111  -35.051  -13.971  -12.855   -5.465   -3.456   -2.985   -2.486
   -2.175   -1.274   -0.430    2.159    2.342    2.471    3.047    5.551    5.865    6.676
            0.162500  0.093819  0.000000
  -61.097  -35.220  -35.123  -35.054  -13.918  -12.834   -5.416   -3.541   -3.083   -2.432
   -2.239   -1.283   -0.479    2.106    2.355    2.427    3.114    5.625    5.937    6.753
            0.175000  0.101036  0.000000
  -61.096  -35.217  -35.136  -35.057  -13.862  -12.811   -5.368   -3.624   -3.182   -2.376
   -2.303   -1.302   -0.534    2.060    2.378    2.383    3.182    5.703    6.015    6.830
            0.187500  0.108253  0.000000
  -61.095  -35.215  -35.149  -35.060  -13.803  -12.787   -5.321   -3.706   -3.280   -2.369
   -2.317   -1.327   -0.594    2.023    2.339    2.410    3.249    5.786    6.097    6.909
            0.200000  0.115470  0.000000
  -61.093  -35.212  -35.163  -35.063  -13.741  -12.761   -5.279   -3.783   -3.379   -2.434
   -2.256   -1.360   -0.658    1.994    2.296    2.451    3.315    5.873    6.184    6.991
            0.212500  0.122687  0.000000
  -61.092  -35.209  -35.177  -35.066  -13.676  -12.735   -5.242   -3.854   -3.477   -2.500
   -2.193   -1.397   -0.725    1.974    2.255    2.500    3.380    5.964    6.275    7.074
            0.225000  0.129904  0.000000
  -61.090  -35.206  -35.191  -35.069  -13.609  -12.708   -5.214   -3.917   -3.576   -2.564
   -2.128   -1.439   -0.793    1.962    2.216    2.557    3.443    6.059    6.370    7.159
            0.237500  0.137121  0.000000
  -61.089  -35.206  -35.203  -35.073  -13.541  -12.680   -5.195   -3.971   -3.673   -2.628
   -2.063   -1.484   -0.861    1.959    2.179    2.619    3.504    6.158    6.469    7.246
            0.250000  0.144338  0.000000
  -61.087  -35.220  -35.201  -35.076  -13.470  -12.651   -5.189   -4.014   -3.771   -2.690
   -1.997   -1.531   -0.926    1.963    2.144    2.686    3.562    6.260    6.570    7.335
            0.262500  0.151554  0.000000
  -61.086  -35.235  -35.198  -35.079  -13.399  -12.622   -5.196   -4.046   -3.867   -2.750
   -1.931   -1.578   -0.987    1.973    2.113    2.758    3.618    6.364    6.675    7.425
            0.275000  0.158771  0.000000
  -61.084  -35.249  -35.195  -35.083  -13.326  -12.593   -5.216   -4.068   -3.961   -2.809
   -1.865   -1.625   -1.042    1.990    2.085    2.831    3.670    6.470    6.780    7.516
            0.287500  0.165988  0.000000
  -61.083  -35.263  -35.192  -35.086  -13.253  -12.564   -5.248   -4.082   -4.054   -2.865
   -1.800   -1.672   -1.089    2.012    2.060    2.906    3.719    6.577    6.886    7.606
            0.300000  0.173205  0.000000
  -61.082  -35.277  -35.189  -35.089  -13.180  -12.535   -5.290   -4.145   -4.090   -2.920
   -1.737   -1.717   -1.126    2.038    2.038    2.981    3.765    6.684    6.991    7.689
            0.312500  0.180422  0.000000
  -61.080  -35.290  -35.186  -35.092  -13.108  -12.506   -5.339   -4.234   -4.094   -2.971
   -1.760   -1.676   -1.154    2.021    2.069    3.055    3.808    6.788    7.093    7.739
            0.325000  0.187639  0.000000
  -61.079  -35.303  -35.184  -35.095  -13.036  -12.477   -5.394   -4.319   -4.099   -3.020
   -1.801   -1.617   -1.169    2.007    2.102    3.128    3.848    6.886    7.189    7.689
            0.337500  0.194856  0.000000
  -61.078  -35.316  -35.181  -35.098  -12.966  -12.450   -5.453   -4.402   -4.104   -3.067
   -1.840   -1.560   -1.174    1.997    2.139    3.198    3.884    6.971    7.276    7.575
            0.350000  0.202073  0.000000
  -61.076  -35.328  -35.179  -35.101  -12.898  -12.423   -5.513   -4.480   -4.111   -3.110
   -1.875   -1.507   -1.167    1.990    2.177    3.264    3.917    7.023    7.352    7.468
            0.362500  0.209289  0.000000
  -61.075  -35.339  -35.176  -35.104  -12.832  -12.397   -5.573   -4.554   -4.122   -3.150
   -1.908   -1.457   -1.151    1.986    2.217    3.326    3.946    7.001    7.414    7.425
            0.375000  0.216506  0.000000
  -61.074  -35.349  -35.174  -35.106  -12.769  -12.373   -5.632   -4.624   -4.135   -3.187
   -1.938   -1.411   -1.126    1.986    2.258    3.383    3.973    6.901    7.456    7.462
            0.387500  0.223723  0.000000
  -61.073  -35.359  -35.172  -35.108  -12.710  -12.350   -5.688   -4.688   -4.151   -3.221
   -1.965   -1.369   -1.094    1.987    2.299    3.435    3.997    6.764    7.499    7.522
            0.400000  0.230940  0.000000
  -61.072  -35.368  -35.170  -35.110  -12.655  -12.329   -5.742   -4.747   -4.169   -3.251
   -1.989   -1.332   -1.057    1.991    2.339    3.482    4.018    6.619    7.528    7.598
            0.412500  0.238157  0.000000
  -61.072  -35.376  -35.169  -35.112  -12.605  -12.310   -5.791   -4.800   -4.187   -3.278
   -2.009   -1.298   -1.018    1.996    2.378    3.522    4.036    6.477    7.552    7.675
            0.425000  0.245374  0.000000
  -61.071  -35.382  -35.167  -35.114  -12.560  -12.294   -5.835   -4.846   -4.205   -3.302
   -2.027   -1.269   -0.978    2.002    2.416    3.557    4.051    6.345    7.574    7.749
            0.437500  0.252591  0.000000
  -61.070  -35.388  -35.166  -35.115  -12.522  -12.279   -5.873   -4.886   -4.222   -3.322
   -2.042   -1.244   -0.940    2.008    2.450    3.586    4.064    6.225    7.594    7.817
            0.450000  0.259808  0.000000
  -61.070  -35.393  -35.165  -35.117  -12.489  -12.267   -5.905   -4.919   -4.237   -3.338
   -2.055   -1.224   -0.906    2.014    2.480    3.610    4.075    6.123    7.613    7.878
            0.462500  0.267024  0.000000
  -61.069  -35.397  -35.164  -35.117  -12.463  -12.257   -5.931   -4.945   -4.249   -3.351
   -2.064   -1.209   -0.878    2.020    2.505    3.628    4.083    6.040    7.629    7.929
            0.475000  0.274241  0.000000
  -61.069  -35.400  -35.164  -35.118  -12.445  -12.250   -5.949   -4.964   -4.258   -3.360
   -2.071   -1.198   -0.857    2.024    2.523    3.640    4.088    5.978    7.642    7.967
            0.487500  0.281458  0.000000
  -61.069  -35.401  -35.163  -35.118  -12.433  -12.246   -5.961   -4.975   -4.264   -3.365
   -2.075   -1.191   -0.843    2.026    2.535    3.648    4.092    5.941    7.650    7.992
            0.500000  0.288675  0.000000
  -61.069  -35.402  -35.163  -35.119  -12.430  -12.245   -5.965   -4.979   -4.266   -3.367
   -2.076   -1.189   -0.839    2.027    2.539    3.650    4.093    5.928    7.653    8.000
            0.495833  0.295892  0.000000
  -61.069  -35.402  -35.163  -35.119  -12.429  -12.244   -5.963   -4.980   -4.265   -3.367
   -2.076   -1.197   -0.835    2.028    2.539    3.652    4.090    5.929    7.659    8.003
            0.491667  0.303109  0.000000
  -61.069  -35.402  -35.163  -35.119  -12.428  -12.244   -5.960   -4.982   -4.264   -3.368
   -2.075   -1.219   -0.822    2.029    2.540    3.656    4.080    5.933    7.675    8.013
            0.487500  0.310326  0.000000
  -61.069  -35.401  -35.163  -35.120  -12.427  -12.243   -5.955   -4.987   -4.263   -3.369
   -2.074   -1.254   -0.805    2.031    2.542    3.663    4.064    5.939    7.701    8.029
            0.483333  0.317543  0.000000
  -61.069  -35.401  -35.163  -35.121  -12.424  -12.241   -5.948   -4.992   -4.260   -3.370
   -2.072   -1.299   -0.785    2.033    2.545    3.673    4.043    5.948    7.738    8.052
            0.479167  0.324760  0.000000
  -61.069  -35.400  -35.163  -35.123  -12.421  -12.239   -5.939   -5.000   -4.257   -3.372
   -2.070   -1.351   -0.764    2.036    2.548    3.685    4.016    5.959    7.784    8.081
            0.475000  0.331976  0.000000
  -61.069  -35.399  -35.163  -35.124  -12.417  -12.237   -5.928   -5.009   -4.253   -3.373
   -2.068   -1.409   -0.743    2.039    2.553    3.699    3.986    5.972    7.839    8.116
            0.470833  0.339193  0.000000
  -61.068  -35.398  -35.163  -35.126  -12.413  -12.234   -5.914   -5.019   -4.248   -3.375
   -2.066   -1.472   -0.723    2.041    2.559    3.714    3.952    5.988    7.902    8.157
            0.466667  0.346410  0.000000
  -61.068  -35.397  -35.162  -35.129  -12.408  -12.231   -5.899   -5.031   -4.243   -3.376
   -2.064   -1.540   -0.704    2.042    2.567    3.728    3.919    6.005    7.974    8.203
            0.462500  0.353627  0.000000
  -61.068  -35.396  -35.162  -35.131  -12.403  -12.228   -5.882   -5.045   -4.238   -3.377
   -2.062   -1.612   -0.686    2.043    2.576    3.737    3.889    6.024    8.052    8.254
            0.458333  0.360844  0.000000
  -61.068  -35.394  -35.162  -35.134  -12.396  -12.224   -5.863   -5.060   -4.231   -3.377
   -2.061   -1.687   -0.669    2.042    2.588    3.733    3.873    6.045    8.137    8.310
            0.454167  0.368061  0.000000
  -61.068  -35.393  -35.162  -35.137  -12.390  -12.220   -5.842   -5.077   -4.224   -3.377
   -2.059   -1.766   -0.653    2.039    2.601    3.709    3.877    6.067    8.227    8.371
            0.450000  0.375278  0.000000
  -61.068  -35.391  -35.161  -35.141  -12.383  -12.215   -5.819   -5.095   -4.217   -3.376
   -2.059   -1.847   -0.638    2.035    2.618    3.672    3.895    6.091    8.323    8.434
            0.445833  0.382495  0.000000
  -61.068  -35.389  -35.161  -35.145  -12.375  -12.211   -5.794   -5.114   -4.210   -3.375
   -2.059   -1.931   -0.624    2.028    2.636    3.627    3.921    6.116    8.422    8.501
            0.441667  0.389711  0.000000
  -61.068  -35.387  -35.161  -35.149  -12.367  -12.206   -5.768   -5.134   -4.201   -3.372
   -2.060   -2.016   -0.611    2.019    2.657    3.579    3.951    6.143    8.525    8.569
            0.437500  0.396928  0.000000
  -61.067  -35.385  -35.161  -35.153  -12.358  -12.200   -5.740   -5.155   -4.193   -3.369
   -2.104   -2.062   -0.597    2.007    2.680    3.530    3.984    6.171    8.628    8.638
            0.433333  0.404145  0.000000
  -61.067  -35.382  -35.160  -35.157  -12.349  -12.195   -5.709   -5.177   -4.185   -3.364
   -2.193   -2.065   -0.584    1.993    2.705    3.480    4.020    6.200    8.707    8.728
            0.429167  0.411362  0.000000
  -61.067  -35.380  -35.162  -35.160  -12.340  -12.189   -5.678   -5.200   -4.176   -3.358
   -2.284   -2.069   -0.571    1.977    2.732    3.431    4.056    6.230    8.770    8.812
            0.425000  0.418579  0.000000
  -61.067  -35.377  -35.166  -35.160  -12.330  -12.183   -5.644   -5.223   -4.167   -3.351
   -2.375   -2.074   -0.558    1.958    2.761    3.382    4.094    6.261    8.824    8.865
            0.420833  0.425796  0.000000
  -61.067  -35.375  -35.171  -35.159  -12.321  -12.177   -5.609   -5.247   -4.158   -3.343
   -2.468   -2.081   -0.544    1.938    2.791    3.335    4.132    6.293    8.854    8.899
            0.416667  0.433013  0.000000
  -61.067  -35.372  -35.176  -35.159  -12.311  -12.171   -5.573   -5.272   -4.149   -3.334
   -2.560   -2.088   -0.530    1.915    2.822    3.289    4.171    6.326    8.842    8.926
            0.412500  0.440230  0.000000
  -61.066  -35.369  -35.182  -35.159  -12.301  -12.165   -5.535   -5.296   -4.140   -3.324
   -2.653   -2.097   -0.516    1.891    2.855    3.245    4.209    6.360    8.787    8.951
            0.408333  0.447446  0.000000
  -61.066  -35.366  -35.187  -35.158  -12.290  -12.159   -5.496   -5.321   -4.132   -3.312
   -2.745   -2.108   -0.501    1.865    2.888    3.202    4.247    6.395    8.707    8.975
            0.404167  0.454663  0.000000
  -61.066  -35.363  -35.192  -35.158  -12.280  -12.153   -5.455   -5.345   -4.123   -3.300
   -2.837   -2.120   -0.485    1.838    2.922    3.162    4.285    6.431    8.616    8.999
            0.400000  0.461880  0.000000
  -61.066  -35.360  -35.198  -35.157  -12.270  -12.147   -5.413   -5.369   -4.116   -3.286
   -2.928   -2.133   -0.468    1.810    2.956    3.125    4.322    6.467    8.520    9.024
            0.395833  0.469097  0.000000
  -61.066  -35.356  -35.203  -35.157  -12.260  -12.141   -5.393   -5.370   -4.109   -3.272
   -3.017   -2.147   -0.451    1.781    2.990    3.089    4.358    6.504    8.422    9.049
            0.391667  0.476314  0.000000
  -61.066  -35.353  -35.209  -35.157  -12.250  -12.135   -5.416   -5.326   -4.103   -3.257
   -3.105   -2.162   -0.433    1.751    3.024    3.056    4.392    6.542    8.324    9.075
            0.387500  0.483531  0.000000
  -61.065  -35.349  -35.215  -35.156  -12.240  -12.129   -5.438   -5.281   -4.098   -3.241
   -3.190   -2.178   -0.415    1.721    3.026    3.057    4.425    6.581    8.227    9.101
            0.383333  0.490748  0.000000
  -61.065  -35.346  -35.220  -35.156  -12.231  -12.124   -5.459   -5.235   -4.095   -3.273
   -3.224   -2.195   -0.396    1.691    2.998    3.090    4.456    6.620    8.131    9.128
            0.379167  0.497965  0.000000
  -61.065  -35.342  -35.226  -35.156  -12.222  -12.119   -5.480   -5.188   -4.093   -3.352
   -3.207   -2.212   -0.376    1.660    2.973    3.121    4.486    6.659    8.037    9.155
            0.375000  0.505181  0.000000
  -61.065  -35.339  -35.231  -35.155  -12.213  -12.114   -5.499   -5.141   -4.095   -3.427
   -3.190   -2.230   -0.357    1.631    2.950    3.152    4.513    6.699    7.946    9.181
            0.370833  0.512398  0.000000
  -61.065  -35.335  -35.237  -35.155  -12.205  -12.109   -5.516   -5.094   -4.099   -3.496
   -3.173   -2.249   -0.338    1.602    2.930    3.181    4.538    6.738    7.858    9.208
            0.366667  0.519615  0.000000
  -61.065  -35.331  -35.242  -35.155  -12.197  -12.105   -5.533   -5.047   -4.108   -3.559
   -3.156   -2.267   -0.319    1.575    2.913    3.208    4.560    6.778    7.774    9.233
            0.362500  0.526832  0.000000
  -61.065  -35.328  -35.247  -35.155  -12.190  -12.101   -5.548   -5.001   -4.122   -3.613
   -3.140   -2.284   -0.301    1.549    2.898    3.233    4.580    6.817    7.695    9.258
            0.358333  0.534049  0.000000
  -61.064  -35.324  -35.252  -35.155  -12.184  -12.097   -5.561   -4.956   -4.141   -3.658
   -3.125   -2.301   -0.284    1.525    2.885    3.255    4.597    6.855    7.621    9.281
            0.354167  0.541266  0.000000
  -61.064  -35.321  -35.256  -35.154  -12.178  -12.094   -5.572   -4.912   -4.164   -3.694
   -3.111   -2.316   -0.268    1.504    2.875    3.275    4.612    6.892    7.553    9.303
            0.350000  0.548483  0.000000
  -61.064  -35.318  -35.260  -35.154  -12.174  -12.091   -5.582   -4.872   -4.191   -3.720
   -3.099   -2.330   -0.255    1.486    2.867    3.292    4.623    6.926    7.493    9.322
            0.345833  0.555700  0.000000
  -61.064  -35.315  -35.264  -35.154  -12.170  -12.089   -5.589   -4.837   -4.219   -3.739
   -3.088   -2.341   -0.244    1.471    2.861    3.305    4.632    6.956    7.443    9.337
            0.341667  0.562917  0.000000
  -61.064  -35.313  -35.266  -35.154  -12.167  -12.088   -5.595   -4.809   -4.243   -3.750
   -3.081   -2.350   -0.235    1.461    2.856    3.315    4.639    6.979    7.404    9.349
            0.337500  0.570133  0.000000
  -61.064  -35.312  -35.268  -35.154  -12.165  -12.087   -5.598   -4.791   -4.260   -3.756
   -3.076   -2.355   -0.230    1.454    2.854    3.322    4.643    6.994    7.380    9.357
            0.333333  0.577350  0.000000
  -61.064  -35.311  -35.269  -35.154  -12.165  -12.087   -5.599   -4.784   -4.266   -3.758
   -3.074   -2.357   -0.228    1.452    2.853    3.324    4.644    6.999    7.372    9.360
            0.325000  0.562917  0.000000
  -61.064  -35.313  -35.266  -35.154  -12.167  -12.088   -5.594   -4.809   -4.241   -3.752
   -3.081   -2.349   -0.236    1.461    2.856    3.315    4.639    6.984    7.399    9.348
            0.316667  0.548483  0.000000
  -61.064  -35.317  -35.261  -35.154  -12.175  -12.092   -5.580   -4.869   -4.179   -3.736
   -3.101   -2.326   -0.259    1.488    2.863    3.288    4.626    6.959    7.464    9.313
            0.308333  0.534049  0.000000
  -61.064  -35.322  -35.253  -35.155  -12.188  -12.099   -5.556   -4.944   -4.098   -3.711
   -3.132   -2.289   -0.296    1.532    2.873    3.243    4.604    6.943    7.546    9.253
            0.300000  0.519615  0.000000
  -61.065  -35.327  -35.245  -35.155  -12.208  -12.108   -5.523   -5.020   -4.015   -3.673
   -3.171   -2.240   -0.345    1.590    2.885    3.180    4.577    6.944    7.636    9.172
            0.291667  0.505181  0.000000
  -61.065  -35.331  -35.236  -35.156  -12.233  -12.121   -5.479   -5.093   -3.942   -3.618
   -3.215   -2.183   -0.403    1.656    2.896    3.103    4.546    6.964    7.730    9.073
            0.283333  0.490748  0.000000
  -61.066  -35.334  -35.227  -35.157  -12.265  -12.136   -5.425   -5.157   -3.887   -3.542
   -3.261   -2.120   -0.467    1.726    2.905    3.012    4.511    7.002    7.826    8.961
            0.275000  0.476314  0.000000
  -61.066  -35.336  -35.217  -35.158  -12.304  -12.154   -5.361   -5.211   -3.850   -3.448
   -3.307   -2.052   -0.534    1.796    2.910    2.912    4.476    7.058    7.918    8.837
            0.266667  0.461880  0.000000
  -61.067  -35.336  -35.208  -35.160  -12.349  -12.175   -5.287   -5.254   -3.826   -3.352
   -3.342   -1.982   -0.602    1.862    2.807    2.910    4.440    7.128    8.001    8.706
            0.258333  0.447446  0.000000
  -61.068  -35.336  -35.198  -35.161  -12.400  -12.198   -5.286   -5.205   -3.814   -3.393
   -3.228   -1.911   -0.668    1.918    2.702    2.903    4.406    7.208    8.065    8.568
            0.250000  0.433013  0.000000
  -61.069  -35.334  -35.189  -35.163  -12.457  -12.223   -5.307   -5.113   -3.810   -3.430
   -3.112   -1.839   -0.731    1.960    2.602    2.889    4.373    7.295    8.093    8.425
            0.241667  0.418579  0.000000
  -61.070  -35.331  -35.179  -35.165  -12.520  -12.251   -5.317   -5.012   -3.813   -3.461
   -2.994   -1.767   -0.788    1.982    2.514    2.867    4.341    7.382    8.079    8.278
            0.233333  0.404145  0.000000
  -61.071  -35.327  -35.170  -35.168  -12.588  -12.280   -5.317   -4.904   -3.824   -3.487
   -2.877   -1.697   -0.841    1.980    2.444    2.838    4.311    7.455    8.035    8.128
            0.225000  0.389711  0.000000
  -61.072  -35.321  -35.170  -35.161  -12.660  -12.311   -5.308   -4.788   -3.841   -3.506
   -2.762   -1.628   -0.887    1.954    2.396    2.802    4.280    7.488    7.976    8.003
            0.216667  0.375278  0.000000
  -61.073  -35.314  -35.173  -35.152  -12.736  -12.344   -5.290   -4.666   -3.864   -3.517
   -2.650   -1.563   -0.927    1.909    2.365    2.760    4.248    7.452    7.823    8.024
            0.208333  0.360844  0.000000
  -61.075  -35.306  -35.175  -35.144  -12.815  -12.377   -5.266   -4.538   -3.892   -3.521
   -2.544   -1.500   -0.960    1.858    2.344    2.713    4.214    7.356    7.671    8.098
            0.200000  0.346410  0.000000
  -61.076  -35.296  -35.178  -35.135  -12.898  -12.412   -5.237   -4.406   -3.923   -3.515
   -2.445   -1.441   -0.986    1.810    2.327    2.663    4.174    7.229    7.520    8.190
            0.191667  0.331976  0.000000
  -61.078  -35.286  -35.181  -35.127  -12.982  -12.447   -5.205   -4.271   -3.955   -3.500
   -2.355   -1.387   -1.004    1.770    2.310    2.611    4.130    7.089    7.370    8.183
            0.183333  0.317543  0.000000
  -61.079  -35.274  -35.185  -35.119  -13.067  -12.483   -5.173   -4.135   -3.985   -3.474
   -2.279   -1.336   -1.013    1.742    2.294    2.559    4.078    6.944    7.223    8.055
            0.175000  0.303109  0.000000
  -61.081  -35.262  -35.188  -35.112  -13.154  -12.519   -5.144   -4.009   -4.000   -3.436
   -2.218   -1.291   -1.011    1.727    2.277    2.508    4.020    6.799    7.080    7.915
            0.166667  0.288675  0.000000
  -61.083  -35.249  -35.191  -35.105  -13.240  -12.554   -5.123   -4.024   -3.870   -3.383
   -2.175   -1.251   -0.995    1.727    2.262    2.458    3.955    6.657    6.940    7.778
            0.158333  0.274241  0.000000
  -61.084  -35.235  -35.195  -35.098  -13.326  -12.590   -5.112   -4.024   -3.748   -3.313
   -2.154   -1.217   -0.964    1.739    2.250    2.412    3.883    6.518    6.804    7.644
            0.150000  0.259808  0.000000
  -61.086  -35.221  -35.198  -35.091  -13.411  -12.625   -5.115   -4.008   -3.637   -3.224
   -2.153   -1.188   -0.919    1.763    2.243    2.370    3.804    6.383    6.673    7.514
            0.141667  0.245374  0.000000
  -61.088  -35.206  -35.202  -35.085  -13.494  -12.659   -5.132   -3.975   -3.536   -3.118
   -2.169   -1.166   -0.861    1.796    2.243    2.333    3.719    6.254    6.547    7.390
            0.133333  0.230940  0.000000
  -61.090  -35.205  -35.191  -35.079  -13.575  -12.693   -5.163   -3.924   -3.444   -2.998
   -2.201   -1.149   -0.796    1.837    2.251    2.302    3.630    6.131    6.427    7.271
            0.125000  0.216506  0.000000
  -61.091  -35.208  -35.176  -35.073  -13.654  -12.725   -5.204   -3.859   -3.356   -2.871
   -2.244   -1.139   -0.725    1.883    2.269    2.278    3.537    6.014    6.312    7.156
            0.116667  0.202073  0.000000
  -61.093  -35.212  -35.161  -35.068  -13.729  -12.756   -5.254   -3.782   -3.269   -2.740
   -2.294   -1.135   -0.654    1.935    2.261    2.296    3.442    5.902    6.203    7.047
            0.108333  0.187639  0.000000
  -61.094  -35.215  -35.146  -35.063  -13.801  -12.786   -5.309   -3.697   -3.181   -2.611
   -2.349   -1.138   -0.584    1.990    2.252    2.332    3.345    5.798    6.101    6.943
            0.100000  0.173205  0.000000
  -61.096  -35.218  -35.132  -35.059  -13.870  -12.814   -5.367   -3.605   -3.090   -2.486
   -2.405   -1.147   -0.519    2.051    2.252    2.376    3.248    5.699    6.005    6.843
            0.091667  0.158771  0.000000
  -61.097  -35.221  -35.118  -35.055  -13.934  -12.840   -5.426   -3.510   -2.996   -2.462
   -2.366   -1.164   -0.459    2.116    2.259    2.425    3.153    5.607    5.917    6.748
            0.083333  0.144338  0.000000
  -61.099  -35.223  -35.104  -35.051  -13.994  -12.865   -5.484   -3.414   -2.900   -2.517
   -2.254   -1.188   -0.406    2.187    2.275    2.476    3.061    5.522    5.835    6.655
            0.075000  0.129904  0.000000
  -61.100  -35.226  -35.092  -35.048  -14.049  -12.887   -5.540   -3.319   -2.800   -2.570
   -2.152   -1.219   -0.361    2.263    2.298    2.528    2.973    5.443    5.760    6.563
            0.066667  0.115470  0.000000
  -61.101  -35.228  -35.080  -35.044  -14.098  -12.908   -5.593   -3.228   -2.698   -2.619
   -2.059   -1.257   -0.323    2.327    2.342    2.578    2.891    5.371    5.693    6.472
            0.058333  0.101036  0.000000
  -61.102  -35.230  -35.070  -35.042  -14.143  -12.926   -5.641   -3.142   -2.664   -2.595
   -1.978   -1.303   -0.292    2.361    2.423    2.626    2.815    5.306    5.633    6.377
            0.050000  0.086603  0.000000
  -61.103  -35.232  -35.060  -35.039  -14.182  -12.942   -5.684   -3.062   -2.704   -2.490
   -1.907   -1.356   -0.267    2.398    2.504    2.669    2.747    5.247    5.581    6.281
            0.041667  0.072169  0.000000
  -61.104  -35.234  -35.052  -35.038  -14.215  -12.956   -5.722   -2.991   -2.738   -2.385
   -1.847   -1.415   -0.248    2.435    2.582    2.688    2.706    5.195    5.537    6.185
            0.033333  0.057735  0.000000
  -61.105  -35.235  -35.045  -35.036  -14.243  -12.967   -5.753   -2.931   -2.766   -2.282
   -1.799   -1.481   -0.233    2.471    2.638    2.652    2.738    5.150    5.501    6.095
            0.025000  0.043301  0.000000
  -61.105  -35.236  -35.040  -35.035  -14.264  -12.976   -5.778   -2.883   -2.789   -2.182
   -1.762   -1.551   -0.223    2.502    2.599    2.712    2.763    5.114    5.472    6.017
            0.016667  0.028868  0.000000
  -61.106  -35.237  -35.036  -35.034  -14.280  -12.982   -5.795   -2.847   -2.805   -2.090
   -1.735   -1.622   -0.216    2.526    2.570    2.758    2.782    5.087    5.452    5.959
            0.008333  0.014434  0.000000
  -61.106  -35.238  -35.034  -35.033  -14.289  -12.986   -5.806   -2.825   -2.815   -2.014
   -1.720   -1.685   -0.212    2.542    2.553    2.786    2.793    5.070    5.440    5.922
            0.000000  0.000000  0.000000
  -61.106  -35.238  -35.033  -35.033  -14.292  -12.987   -5.810   -2.818   -2.818   -1.980
   -1.714   -1.714   -0.211    2.547    2.547    2.796    2.796    5.064    5.436    5.909
