# energy grid [eV]  eels components [arbitrary units]
#
    0.001000000    0.000001216    0.000001216    0.000000558
    0.011009009    0.000013383    0.000013383    0.000006148
    0.021018018    0.000025551    0.000025551    0.000011738
    0.031027027    0.000037722    0.000037722    0.000017328
    0.041036036    0.000049896    0.000049896    0.000022918
    0.051045045    0.000062074    0.000062074    0.000028509
    0.061054054    0.000074257    0.000074257    0.000034101
    0.071063063    0.000086447    0.000086447    0.000039693
    0.081072072    0.000098644    0.000098644    0.000045287
    0.091081081    0.000110850    0.000110850    0.000050881
    0.101090090    0.000123065    0.000123065    0.000056477
    0.111099099    0.000135291    0.000135291    0.000062075
    0.121108108    0.000147529    0.000147529    0.000067674
    0.131117117    0.000159779    0.000159779    0.000073274
    0.141126126    0.000172043    0.000172043    0.000078877
    0.151135135    0.000184322    0.000184322    0.000084481
    0.161144144    0.000196617    0.000196617    0.000090088
    0.171153153    0.000208929    0.000208929    0.000095696
    0.181162162    0.000221259    0.000221259    0.000101308
    0.191171171    0.000233609    0.000233609    0.000106921
    0.201180180    0.000245979    0.000245979    0.000112538
    0.211189189    0.000258370    0.000258370    0.000118157
    0.221198198    0.000270785    0.000270785    0.000123780
    0.231207207    0.000283224    0.000283224    0.000129405
    0.241216216    0.000295687    0.000295687    0.000135034
    0.251225225    0.000308177    0.000308177    0.000140666
    0.261234234    0.000320695    0.000320695    0.000146301
    0.271243243    0.000333241    0.000333241    0.000151941
    0.281252252    0.000345818    0.000345818    0.000157584
    0.291261261    0.000358426    0.000358426    0.000163231
    0.301270270    0.000371066    0.000371066    0.000168883
    0.311279279    0.000383740    0.000383740    0.000174538
    0.321288288    0.000396450    0.000396450    0.000180198
    0.331297297    0.000409196    0.000409196    0.000185863
    0.341306306    0.000421979    0.000421979    0.000191533
    0.351315315    0.000434803    0.000434803    0.000197207
    0.361324324    0.000447667    0.000447667    0.000202886
    0.371333333    0.000460572    0.000460572    0.000208571
    0.381342342    0.000473522    0.000473522    0.000214261
    0.391351351    0.000486517    0.000486517    0.000219957
    0.401360360    0.000499558    0.000499558    0.000225658
    0.411369369    0.000512647    0.000512647    0.000231365
    0.421378378    0.000525786    0.000525786    0.000237078
    0.431387387    0.000538977    0.000538977    0.000242797
    0.441396396    0.000552220    0.000552220    0.000248522
    0.451405405    0.000565518    0.000565518    0.000254254
    0.461414414    0.000578872    0.000578872    0.000259993
    0.471423423    0.000592284    0.000592284    0.000265738
    0.481432432    0.000605756    0.000605756    0.000271491
    0.491441441    0.000619290    0.000619290    0.000277250
    0.501450450    0.000632888    0.000632888    0.000283017
    0.511459459    0.000646551    0.000646551    0.000288791
    0.521468468    0.000660281    0.000660281    0.000294573
    0.531477477    0.000674081    0.000674081    0.000300362
    0.541486486    0.000687953    0.000687953    0.000306160
    0.551495495    0.000701898    0.000701898    0.000311965
    0.561504505    0.000715919    0.000715919    0.000317779
    0.571513514    0.000730018    0.000730018    0.000323602
    0.581522523    0.000744197    0.000744197    0.000329433
    0.591531532    0.000758459    0.000758459    0.000335273
    0.601540541    0.000772807    0.000772807    0.000341122
    0.611549550    0.000787242    0.000787242    0.000346980
    0.621558559    0.000801767    0.000801767    0.000352847
    0.631567568    0.000816385    0.000816385    0.000358724
    0.641576577    0.000831099    0.000831099    0.000364611
    0.651585586    0.000845912    0.000845912    0.000370508
    0.661594595    0.000860825    0.000860825    0.000376415
    0.671603604    0.000875843    0.000875843    0.000382332
    0.681612613    0.000890969    0.000890969    0.000388260
    0.691621622    0.000906205    0.000906205    0.000394198
    0.701630631    0.000921555    0.000921555    0.000400147
    0.711639640    0.000937023    0.000937023    0.000406108
    0.721648649    0.000952612    0.000952612    0.000412079
    0.731657658    0.000968325    0.000968325    0.000418063
    0.741666667    0.000984166    0.000984166    0.000424058
    0.751675676    0.001000140    0.001000140    0.000430064
    0.761684685    0.001016250    0.001016250    0.000436083
    0.771693694    0.001032501    0.001032501    0.000442114
    0.781702703    0.001048897    0.001048897    0.000448158
    0.791711712    0.001065442    0.001065442    0.000454215
    0.801720721    0.001082142    0.001082142    0.000460284
    0.811729730    0.001099001    0.001099001    0.000466367
    0.821738739    0.001116024    0.001116024    0.000472463
    0.831747748    0.001133217    0.001133217    0.000478573
    0.841756757    0.001150585    0.001150585    0.000484696
    0.851765766    0.001168134    0.001168134    0.000490834
    0.861774775    0.001185869    0.001185869    0.000496986
    0.871783784    0.001203798    0.001203798    0.000503153
    0.881792793    0.001221927    0.001221927    0.000509334
    0.891801802    0.001240263    0.001240263    0.000515531
    0.901810811    0.001258812    0.001258812    0.000521743
    0.911819820    0.001277582    0.001277582    0.000527970
    0.921828829    0.001296582    0.001296582    0.000534213
    0.931837838    0.001315818    0.001315818    0.000540472
    0.941846847    0.001335301    0.001335301    0.000546748
    0.951855856    0.001355039    0.001355039    0.000553040
    0.961864865    0.001375041    0.001375041    0.000559349
    0.971873874    0.001395317    0.001395317    0.000565675
    0.981882883    0.001415877    0.001415877    0.000572019
    0.991891892    0.001436734    0.001436734    0.000578380
    1.001900901    0.001457898    0.001457898    0.000584759
    1.011909910    0.001479381    0.001479381    0.000591156
    1.021918919    0.001501196    0.001501196    0.000597572
    1.031927928    0.001523357    0.001523357    0.000604007
    1.041936937    0.001545878    0.001545878    0.000610461
    1.051945946    0.001568775    0.001568775    0.000616934
    1.061954955    0.001592062    0.001592062    0.000623427
    1.071963964    0.001615758    0.001615758    0.000629940
    1.081972973    0.001639879    0.001639879    0.000636474
    1.091981982    0.001664446    0.001664446    0.000643028
    1.101990991    0.001689477    0.001689477    0.000649603
    1.112000000    0.001714996    0.001714996    0.000656199
    1.122009009    0.001741024    0.001741024    0.000662817
    1.132018018    0.001767586    0.001767586    0.000669457
    1.142027027    0.001794707    0.001794707    0.000676120
    1.152036036    0.001822417    0.001822417    0.000682805
    1.162045045    0.001850743    0.001850743    0.000689513
    1.172054054    0.001879718    0.001879718    0.000696245
    1.182063063    0.001909375    0.001909375    0.000703001
    1.192072072    0.001939752    0.001939752    0.000709780
    1.202081081    0.001970886    0.001970886    0.000716585
    1.212090090    0.002002821    0.002002821    0.000723414
    1.222099099    0.002035601    0.002035601    0.000730269
    1.232108108    0.002069275    0.002069275    0.000737149
    1.242117117    0.002103895    0.002103895    0.000744056
    1.252126126    0.002139519    0.002139519    0.000750989
    1.262135135    0.002176208    0.002176208    0.000757949
    1.272144144    0.002214030    0.002214030    0.000764937
    1.282153153    0.002253055    0.002253055    0.000771953
    1.292162162    0.002293365    0.002293365    0.000778997
    1.302171171    0.002335044    0.002335044    0.000786070
    1.312180180    0.002378187    0.002378187    0.000793172
    1.322189189    0.002422897    0.002422897    0.000800305
    1.332198198    0.002469286    0.002469286    0.000807467
    1.342207207    0.002517480    0.002517480    0.000814660
    1.352216216    0.002567614    0.002567614    0.000821885
    1.362225225    0.002619839    0.002619839    0.000829141
    1.372234234    0.002674321    0.002674321    0.000836430
    1.382243243    0.002731246    0.002731246    0.000843751
    1.392252252    0.002790819    0.002790819    0.000851106
    1.402261261    0.002853268    0.002853268    0.000858495
    1.412270270    0.002918848    0.002918848    0.000865919
    1.422279279    0.002987846    0.002987846    0.000873378
    1.432288288    0.003060583    0.003060583    0.000880872
    1.442297297    0.003137421    0.003137421    0.000888403
    1.452306306    0.003218770    0.003218770    0.000895971
    1.462315315    0.003305094    0.003305094    0.000903577
    1.472324324    0.003396922    0.003396922    0.000911221
    1.482333333    0.003494859    0.003494859    0.000918904
    1.492342342    0.003599596    0.003599596    0.000926627
    1.502351351    0.003711934    0.003711934    0.000934390
    1.512360360    0.003832794    0.003832794    0.000942194
    1.522369369    0.003963250    0.003963250    0.000950040
    1.532378378    0.004104555    0.004104555    0.000957929
    1.542387387    0.004258180    0.004258180    0.000965861
    1.552396396    0.004425859    0.004425859    0.000973837
    1.562405405    0.004609653    0.004609653    0.000981859
    1.572414414    0.004812018    0.004812018    0.000989926
    1.582423423    0.005035909    0.005035909    0.000998040
    1.592432432    0.005284897    0.005284897    0.001006201
    1.602441441    0.005563334    0.005563334    0.001014411
    1.612450450    0.005876561    0.005876561    0.001022670
    1.622459459    0.006231185    0.006231185    0.001030980
    1.632468468    0.006635448    0.006635448    0.001039341
    1.642477477    0.007099723    0.007099723    0.001047754
    1.652486486    0.007637180    0.007637180    0.001056220
    1.662495495    0.008264696    0.008264696    0.001064741
    1.672504505    0.009004095    0.009004095    0.001073317
    1.682513514    0.009883854    0.009883854    0.001081950
    1.692522523    0.010941410    0.010941411    0.001090641
    1.702531532    0.012226266    0.012226266    0.001099390
    1.712540541    0.013803980    0.013803981    0.001108200
    1.722549550    0.015760884    0.015760884    0.001117071
    1.732558559    0.018208404    0.018208404    0.001126005
    1.742567568    0.021283499    0.021283499    0.001135002
    1.752576577    0.025135959    0.025135959    0.001144065
    1.762585586    0.029881827    0.029881828    0.001153195
    1.772594595    0.035486609    0.035486610    0.001162392
    1.782603604    0.041547632    0.041547633    0.001171660
    1.792612613    0.047054790    0.047054791    0.001180998
    1.802621622    0.050481532    0.050481533    0.001190409
    1.812630631    0.050596374    0.050596375    0.001199895
    1.822639640    0.047470447    0.047470448    0.001209457
    1.832648649    0.042418269    0.042418270    0.001219097
    1.842657658    0.036955639    0.036955640    0.001228816
    1.852666667    0.032049872    0.032049872    0.001238617
    1.862675676    0.028078318    0.028078318    0.001248501
    1.872684685    0.025076302    0.025076302    0.001258471
    1.882693694    0.022947989    0.022947989    0.001268528
    1.892702703    0.021577547    0.021577547    0.001278675
    1.902711712    0.020874325    0.020874325    0.001288914
    1.912720721    0.020787327    0.020787327    0.001299247
    1.922729730    0.021308207    0.021308206    0.001309677
    1.932738739    0.022470268    0.022470267    0.001320206
    1.942747748    0.024343218    0.024343217    0.001330836
    1.952756757    0.027015837    0.027015835    0.001341571
    1.962765766    0.030547413    0.030547411    0.001352413
    1.972774775    0.034855792    0.034855790    0.001363365
    1.982783784    0.039521615    0.039521613    0.001374430
    1.992792793    0.043600937    0.043600936    0.001385611
    2.002801802    0.045775163    0.045775163    0.001396912
    2.012810811    0.045111345    0.045111346    0.001408335
    2.022819820    0.041840608    0.041840610    0.001419884
    2.032828829    0.037144094    0.037144096    0.001431564
    2.042837838    0.032246267    0.032246269    0.001443378
    2.052846847    0.027872303    0.027872305    0.001455330
    2.062855856    0.024272870    0.024272872    0.001467423
    2.072864865    0.021438071    0.021438072    0.001479664
    2.082873874    0.019261751    0.019261752    0.001492056
    2.092882883    0.017623423    0.017623424    0.001504604
    2.102891892    0.016419054    0.016419054    0.001517313
    2.112900901    0.015568573    0.015568573    0.001530189
    2.122909910    0.015014911    0.015014911    0.001543237
    2.132918919    0.014720953    0.014720953    0.001556464
    2.142927928    0.014666809    0.014666810    0.001569875
    2.152936937    0.014848175    0.014848175    0.001583477
    2.162945946    0.015275954    0.015275955    0.001597277
    2.172954955    0.015977101    0.015977101    0.001611283
    2.182963964    0.016996358    0.016996359    0.001625502
    2.192972973    0.018397962    0.018397962    0.001639943
    2.202981982    0.020264629    0.020264630    0.001654613
    2.212990991    0.022687147    0.022687148    0.001669524
    2.223000000    0.025729990    0.025729991    0.001684684
    2.233009009    0.029348680    0.029348681    0.001700105
    2.243018018    0.033242951    0.033242952    0.001715797
    2.253027027    0.036713765    0.036713766    0.001731772
    2.263036036    0.038772005    0.038772006    0.001748045
    2.273045045    0.038711917    0.038711918    0.001764628
    2.283054054    0.036710901    0.036710902    0.001781536
    2.293063063    0.033681037    0.033681038    0.001798787
    2.303072072    0.030582341    0.030582341    0.001816397
    2.313081081    0.028004619    0.028004619    0.001834385
    2.323090090    0.026184286    0.026184285    0.001852773
    2.333099099    0.025169643    0.025169643    0.001871582
    2.343108108    0.024949089    0.024949088    0.001890838
    2.353117117    0.025513081    0.025513080    0.001910568
    2.363126126    0.026866487    0.026866485    0.001930802
    2.373135135    0.028997821    0.028997820    0.001951573
    2.383144144    0.031793274    0.031793272    0.001972917
    2.393153153    0.034889966    0.034889964    0.001994877
    2.403162162    0.037551997    0.037551996    0.002017498
    2.413171171    0.038820503    0.038820502    0.002040832
    2.423180180    0.038092294    0.038092295    0.002064940
    2.433189189    0.035624361    0.035624362    0.002089888
    2.443198198    0.032293541    0.032293543    0.002115755
    2.453207207    0.028945254    0.028945256    0.002142631
    2.463216216    0.026056856    0.026056858    0.002170622
    2.473225225    0.023784449    0.023784450    0.002199850
    2.483234234    0.022117065    0.022117065    0.002230465
    2.493243243    0.020987782    0.020987782    0.002262642
    2.503252252    0.020327843    0.020327843    0.002296595
    2.513261261    0.020086887    0.020086886    0.002332586
    2.523270270    0.020237546    0.020237546    0.002370940
    2.533279279    0.020772661    0.020772660    0.002412061
    2.543288288    0.021696095    0.021696094    0.002456461
    2.553297297    0.023004288    0.023004286    0.002504792
    2.563306306    0.024658600    0.024658599    0.002557892
    2.573315315    0.026565967    0.026565965    0.002616838
    2.583324324    0.028602382    0.028602380    0.002683001
    2.593333333    0.030666567    0.030666565    0.002758076
    2.603342342    0.032669243    0.032669241    0.002844028
    2.613351351    0.034449791    0.034449789    0.002942793
    2.623360360    0.035768983    0.035768981    0.003055565
    2.633369369    0.036439946    0.036439944    0.003181664
    2.643378378    0.036485493    0.036485492    0.003317889
    2.653387387    0.036194158    0.036194157    0.003460018
    2.663396396    0.036011100    0.036011100    0.003605511
    2.673405405    0.036327584    0.036327583    0.003751840
    2.683414414    0.037337860    0.037337860    0.003889616
    2.693423423    0.039026182    0.039026182    0.004001571
    2.703432432    0.041242141    0.041242141    0.004075833
    2.713441441    0.043816388    0.043816387    0.004120784
    2.723450450    0.046608238    0.046608238    0.004161333
    2.733459459    0.049403451    0.049403451    0.004221329
    2.743468468    0.051865388    0.051865389    0.004310410
    2.753477477    0.053773116    0.053773116    0.004419480
    2.763486486    0.055249877    0.055249878    0.004522382
    2.773495495    0.056541083    0.056541084    0.004588223
    2.783504505    0.057589449    0.057589451    0.004603688
    2.793513514    0.057994573    0.057994575    0.004583973
    2.803522523    0.057481526    0.057481527    0.004558582
    2.813531532    0.056308664    0.056308666    0.004551696
    2.823540541    0.055055385    0.055055386    0.004575734
    2.833549550    0.054139478    0.054139479    0.004634784
    2.843558559    0.053660346    0.053660348    0.004729416
    2.853567568    0.053550028    0.053550030    0.004859735
    2.863576577    0.053715283    0.053715284    0.005026851
    2.873585586    0.054064131    0.054064132    0.005233549
    2.883594595    0.054555332    0.054555332    0.005484702
    2.893603604    0.055291149    0.055291149    0.005787708
    2.903612613    0.056479301    0.056479300    0.006153077
    2.913621622    0.058285382    0.058285380    0.006595262
    2.923630631    0.060748287    0.060748286    0.007133742
    2.933639640    0.063798423    0.063798421    0.007794246
    2.943648649    0.067310716    0.067310714    0.008609672
    2.953657658    0.071112842    0.071112840    0.009619356
    2.963666667    0.074927573    0.074927570    0.010863434
    2.973675676    0.078388445    0.078388442    0.012365621
    2.983684685    0.081286742    0.081286738    0.014094868
    2.993693694    0.083871478    0.083871475    0.015905142
    3.003702703    0.086793189    0.086793186    0.017495239
    3.013711712    0.090738931    0.090738928    0.018491463
    3.023720721    0.096216338    0.096216334    0.018690139
    3.033729730    0.103495111    0.103495107    0.018242444
    3.043738739    0.112421853    0.112421849    0.017545204
    3.053747748    0.122278339    0.122278335    0.016983946
    3.063756757    0.132113897    0.132113893    0.016799102
    3.073765766    0.141341899    0.141341895    0.017098000
    3.083774775    0.149770929    0.149770924    0.017900702
    3.093783784    0.157257435    0.157257429    0.019153184
    3.103792793    0.163952546    0.163952539    0.020709336
    3.113801802    0.170499836    0.170499830    0.022328286
    3.123810811    0.177034942    0.177034937    0.023724666
    3.133819820    0.182079958    0.182079956    0.024628522
    3.143828829    0.183304688    0.183304689    0.024837829
    3.153837838    0.179880115    0.179880118    0.024346713
    3.163846847    0.173479881    0.173479884    0.023431858
    3.173855856    0.166581709    0.166581711    0.022496681
    3.183864865    0.160600317    0.160600318    0.021826391
    3.193873874    0.155871403    0.155871403    0.021483680
    3.203882883    0.152543109    0.152543109    0.021356894
    3.213891892    0.150810933    0.150810932    0.021299541
    3.223900901    0.150571900    0.150571898    0.021279538
    3.233909910    0.151434909    0.151434906    0.021420480
    3.243918919    0.153190422    0.153190416    0.021917417
    3.253927928    0.155993951    0.155993941    0.022934039
    3.263936937    0.160041401    0.160041384    0.024549155
    3.273945946    0.165333055    0.165333030    0.026724682
    3.283954955    0.171550776    0.171550745    0.029250667
    3.293963964    0.177736715    0.177736682    0.031682053
    3.303972973    0.182047618    0.182047589    0.033400334
    3.313981982    0.182054905    0.182054886    0.033947374
    3.323990991    0.176080881    0.176080873    0.033405683
    3.334000000    0.164854347    0.164854347    0.032337714
    3.344009009    0.151307791    0.151307792    0.031362675
    3.354018018    0.138596431    0.138596430    0.030893160
    3.364027027    0.128650127    0.128650121    0.031153196
    3.374036036    0.122064165    0.122064155    0.032243529
    3.384045045    0.118598308    0.118598295    0.034126156
    3.394054054    0.117669889    0.117669876    0.036572397
    3.404063063    0.118646397    0.118646385    0.039148992
    3.414072072    0.120859413    0.120859402    0.041266953
    3.424081081    0.123406521    0.123406512    0.042301905
    3.434090090    0.125254345    0.125254338    0.041883167
    3.444099099    0.126024579    0.126024573    0.040234544
    3.454108108    0.126601515    0.126601511    0.038089846
    3.464117117    0.128566500    0.128566497    0.036199652
    3.474126126    0.133063886    0.133063883    0.034980342
    3.484135135    0.140020267    0.140020266    0.034502037
    3.494144144    0.147795881    0.147795881    0.034653433
    3.504153153    0.153467481    0.153467481    0.035309169
    3.514162162    0.154329985    0.154329986    0.036349353
    3.524171171    0.149917964    0.149917965    0.037535536
    3.534180180    0.142255124    0.142255125    0.038492222
    3.544189189    0.133911915    0.133911916    0.038950242
    3.554198198    0.126211789    0.126211789    0.038979141
    3.564207207    0.119119498    0.119119497    0.038881839
    3.574216216    0.112314073    0.112314072    0.038937862
    3.584225225    0.106093392    0.106093390    0.039277894
    3.594234234    0.101253149    0.101253147    0.039859727
    3.604243243    0.098443964    0.098443962    0.040516070
    3.614252252    0.097780581    0.097780579    0.041081951
    3.624261261    0.098745385    0.098745384    0.041532790
    3.634270270    0.100234729    0.100234728    0.042069129
    3.644279279    0.100925976    0.100925975    0.043043501
    3.654288288    0.100075557    0.100075555    0.044747343
    3.664297297    0.098053205    0.098053203    0.047264291
    3.674306306    0.095907606    0.095907603    0.050447085
    3.684315315    0.094563837    0.094563834    0.053928699
    3.694324324    0.094487877    0.094487874    0.057236839
    3.704333333    0.095766230    0.095766227    0.060097082
    3.714342342    0.098299630    0.098299627    0.062600935
    3.724351351    0.102081002    0.102081000    0.064902973
    3.734360360    0.107451399    0.107451397    0.066778080
    3.744369369    0.115058584    0.115058585    0.067573480
    3.754378378    0.125556962    0.125556965    0.066654642
    3.764387387    0.139309883    0.139309889    0.063972037
    3.774396396    0.156221628    0.156221638    0.060119273
    3.784405405    0.175823379    0.175823391    0.055858385
    3.794414414    0.197597020    0.197597033    0.051736398
    3.804423423    0.220796279    0.220796289    0.048021431
    3.814432432    0.243090213    0.243090219    0.044786098
    3.824441441    0.259445345    0.259445349    0.041995648
    3.834450450    0.264067755    0.264067758    0.039585031
    3.844459459    0.255126694    0.255126696    0.037524414
    3.854468468    0.236759901    0.236759902    0.035775805
    3.864477477    0.215531864    0.215531863    0.034198820
    3.874486486    0.196088129    0.196088125    0.032602015
    3.884495495    0.180003687    0.180003683    0.030917635
    3.894504505    0.167065304    0.167065302    0.029282288
    3.904513514    0.156909792    0.156909793    0.027940517
    3.914522523    0.149641895    0.149641900    0.027102086
    3.924531532    0.145488633    0.145488641    0.026877473
    3.934540541    0.144471855    0.144471866    0.027279617
    3.944549550    0.146422230    0.146422243    0.028231395
    3.954558559    0.150953189    0.150953203    0.029564691
    3.964567568    0.157358268    0.157358283    0.031035332
    3.974576577    0.164799445    0.164799459    0.032357974
    3.984585586    0.172642047    0.172642059    0.033245480
    3.994594595    0.180166751    0.180166763    0.033478912
    4.004603604    0.185777087    0.185777099    0.033034085
    4.014612613    0.187235844    0.187235857    0.032166451
    4.024621622    0.183551415    0.183551429    0.031321502
    4.034630631    0.176265964    0.176265978    0.030934039
    4.044639640    0.168150442    0.168150455    0.031291777
    4.054648649    0.161119177    0.161119188    0.032505744
    4.064657658    0.155678173    0.155678181    0.034501264
    4.074666667    0.151628302    0.151628307    0.036975233
    4.084675676    0.148730594    0.148730596    0.039391802
    4.094684685    0.146861660    0.146861659    0.041164227
    4.104693694    0.145964468    0.145964464    0.041959026
    4.114702703    0.146075146    0.146075140    0.041742154
    4.124711712    0.147330420    0.147330415    0.040532520
    4.134720721    0.149826951    0.149826948    0.038373462
    4.144729730    0.153313451    0.153313451    0.035566100
    4.154738739    0.156816645    0.156816647    0.032646997
    4.164747748    0.158660479    0.158660481    0.030077996
    4.174756757    0.157371072    0.157371072    0.028040035
    4.184765766    0.152887254    0.152887249    0.026443863
    4.194774775    0.146524564    0.146524555    0.025061576
    4.204783784    0.139749335    0.139749326    0.023703524
    4.214792793    0.133471091    0.133471084    0.022334021
    4.224801802    0.128267801    0.128267797    0.021044866
    4.234810811    0.124694126    0.124694125    0.019954213
    4.244819820    0.123216058    0.123216059    0.019133846
    4.254828829    0.124011835    0.124011839    0.018594997
    4.264837838    0.127013925    0.127013933    0.018314878
    4.274846847    0.132077164    0.132077175    0.018272391
    4.284855856    0.138796108    0.138796123    0.018459753
    4.294864865    0.145901837    0.145901856    0.018861830
    4.304873874    0.150984975    0.150984995    0.019429454
    4.314882883    0.151569584    0.151569602    0.020064412
    4.324891892    0.147128553    0.147128567    0.020621197
    4.334900901    0.139653531    0.139653539    0.020960933
    4.344909910    0.131977341    0.131977344    0.021056744
    4.354918919    0.126006747    0.126006744    0.021031639
    4.364927928    0.122248036    0.122248029    0.021074203
    4.374936937    0.120196138    0.120196129    0.021338483
    4.384945946    0.119061234    0.119061226    0.021902048
    4.394954955    0.118508852    0.118508847    0.022772542
    4.404963964    0.118892338    0.118892338    0.023924380
    4.414972973    0.120888196    0.120888199    0.025339877
    4.424981982    0.125087010    0.125087015    0.027013980
    4.434990991    0.131819344    0.131819351    0.028921943
    4.445000000    0.141096589    0.141096597    0.030993195
    4.455009009    0.152643966    0.152643974    0.033104897
    4.465018018    0.166019319    0.166019327    0.035089388
    4.475027027    0.180432193    0.180432201    0.036810549
    4.485036036    0.194167082    0.194167092    0.038302742
    4.495045045    0.204757342    0.204757355    0.039789106
    4.505054054    0.210745829    0.210745845    0.041516989
    4.515063063    0.213234958    0.213234974    0.043578603
    4.525072072    0.215090836    0.215090850    0.045827522
    4.535081081    0.218903590    0.218903600    0.047893560
    4.545090090    0.225607018    0.225607026    0.049360804
    4.555099099    0.234116314    0.234116321    0.050114991
    4.565108108    0.241972083    0.241972087    0.050515095
    4.575117117    0.246582889    0.246582888    0.051126482
    4.585126126    0.246019084    0.246019077    0.052352523
    4.595135135    0.239564950    0.239564940    0.054304393
    4.605144144    0.228447076    0.228447064    0.056794980
    4.615153153    0.215249182    0.215249168    0.059303745
    4.625162162    0.202264733    0.202264719    0.061057852
    4.635171171    0.190981276    0.190981264    0.061409006
    4.645180180    0.182556606    0.182556596    0.060281785
    4.655189189    0.177866658    0.177866650    0.058232849
    4.665198198    0.177209394    0.177209387    0.056081420
    4.675207207    0.180288146    0.180288137    0.054480922
    4.685216216    0.186294188    0.186294177    0.053708967
    4.695225225    0.193768221    0.193768209    0.053675376
    4.705234234    0.200768861    0.200768848    0.054033949
    4.715243243    0.205900846    0.205900836    0.054384044
    4.725252252    0.209032195    0.209032189    0.054536938
    4.735261261    0.210399639    0.210399638    0.054624993
    4.745270270    0.209583195    0.209583199    0.054915882
    4.755279279    0.206175425    0.206175433    0.055579169
    4.765288288    0.201017410    0.201017421    0.056591349
    4.775297297    0.195913537    0.195913551    0.057692471
    4.785306306    0.192112633    0.192112651    0.058426202
    4.795315315    0.189503039    0.189503059    0.058441620
    4.805324324    0.187250971    0.187250990    0.057832378
    4.815333333    0.184737310    0.184737327    0.057007657
    4.825342342    0.181690842    0.181690856    0.056245408
    4.835351351    0.178097612    0.178097624    0.055492291
    4.845360360    0.174432250    0.174432261    0.054549934
    4.855369369    0.171539321    0.171539331    0.053403130
    4.865378378    0.170012159    0.170012167    0.052321788
    4.875387387    0.169806632    0.169806638    0.051620909
    4.885396396    0.170549067    0.170549072    0.051415002
    4.895405405    0.172143338    0.172143341    0.051623811
    4.905414414    0.174999041    0.174999044    0.052122479
    4.915423423    0.179726345    0.179726350    0.052857597
    4.925432432    0.186427236    0.186427246    0.053865492
    4.935441441    0.193971092    0.193971109    0.055190092
    4.945450450    0.200213172    0.200213194    0.056762737
    4.955459459    0.203652911    0.203652935    0.058401826
    4.965468468    0.204991179    0.204991198    0.059938984
    4.975477477    0.206492775    0.206492783    0.061272207
    4.985486486    0.209931330    0.209931325    0.062355762
    4.995495495    0.215271685    0.215271669    0.063226108
    5.005504505    0.220816127    0.220816105    0.063988642
    5.015513514    0.224735704    0.224735681    0.064775038
    5.025522523    0.226984653    0.226984635    0.065696022
    5.035531532    0.229385449    0.229385439    0.066788145
    5.045540541    0.233607696    0.233607693    0.068050426
    5.055549550    0.239415243    0.239415247    0.069553833
    5.065558559    0.244721565    0.244721573    0.071389891
    5.075567568    0.247177321    0.247177329    0.073387304
    5.085576577    0.245922906    0.245922909    0.074975943
    5.095585586    0.241755812    0.241755808    0.075576706
    5.105594595    0.235732050    0.235732041    0.075210218
    5.115603604    0.228202654    0.228202644    0.074561986
    5.125612613    0.219364270    0.219364261    0.074467604
    5.135621622    0.210184255    0.210184247    0.075445391
    5.145630631    0.202221169    0.202221163    0.077530145
    5.155639640    0.196838455    0.196838450    0.080320173
    5.165648649    0.194931663    0.194931661    0.083228554
    5.175657658    0.197042045    0.197042044    0.085843761
    5.185666667    0.203221134    0.203221135    0.087984515
    5.195675676    0.212525888    0.212525892    0.089365446
    5.205684685    0.222667989    0.222667996    0.089488562
    5.215693694    0.230786414    0.230786423    0.088102109
    5.225702703    0.235534964    0.235534975    0.085624930
    5.235711712    0.238410620    0.238410631    0.082839600
    5.245720721    0.242489986    0.242489994    0.080284771
    5.255729730    0.249983273    0.249983278    0.078139371
    5.265738739    0.260505120    0.260505124    0.076459756
    5.275747748    0.270554272    0.270554279    0.075287347
    5.285756757    0.274934738    0.274934752    0.074641251
    5.295765766    0.270406532    0.270406553    0.074485023
    5.305774775    0.258392106    0.258392129    0.074576402
    5.315783784    0.243300042    0.243300064    0.074378549
    5.325792793    0.228959908    0.228959925    0.073324275
    5.335801802    0.217266599    0.217266612    0.071262042
    5.345810811    0.208884928    0.208884938    0.068627645
    5.355819820    0.204015518    0.204015523    0.066169770
    5.365828829    0.202672550    0.202672552    0.064499322
    5.375837838    0.204827719    0.204827719    0.063841309
    5.385846847    0.210493742    0.210493742    0.064082419
    5.395855856    0.219832044    0.219832043    0.064984050
    5.405864865    0.233406080    0.233406077    0.066385687
    5.415873874    0.252248204    0.252248195    0.068248878
    5.425882883    0.277236924    0.277236905    0.070534266
    5.435891892    0.307975790    0.307975760    0.073035792
    5.445900901    0.341965494    0.341965458    0.075343899
    5.455909910    0.374924333    0.374924295    0.077111180
    5.465918919    0.402184655    0.402184624    0.078429115
    5.475927928    0.419643374    0.419643358    0.079760949
    5.485936937    0.424250355    0.424250363    0.081471276
    5.495945946    0.415268841    0.415268874    0.083575551
    5.505954955    0.394807991    0.394808043    0.085907552
    5.515963964    0.367093834    0.367093893    0.088385731
    5.525972973    0.337634889    0.337634944    0.091092511
    5.535981982    0.311587439    0.311587484    0.094142979
    5.545990991    0.291895313    0.291895346    0.097489699
    5.556000000    0.278880739    0.278880760    0.100896873
    5.566009009    0.271169158    0.271169167    0.104100090
    5.576018018    0.266833290    0.266833290    0.106821248
    5.586027027    0.263956331    0.263956324    0.108637060
    5.596036036    0.260630670    0.260630661    0.109168496
    5.606045045    0.255264447    0.255264440    0.108591106
    5.616054054    0.247563838    0.247563835    0.107723240
    5.626063063    0.238819633    0.238819634    0.107492304
    5.636072072    0.230768721    0.230768725    0.108421439
    5.646081081    0.224312556    0.224312563    0.110439751
    5.656090090    0.219101252    0.219101262    0.112962608
    5.666099099    0.214135319    0.214135332    0.115191285
    5.676108108    0.208940752    0.208940768    0.116502865
    5.686117117    0.203987432    0.203987450    0.116724234
    5.696126126    0.199921249    0.199921268    0.116071334
    5.706135135    0.196980007    0.196980024    0.114976447
    5.716144144    0.195259016    0.195259030    0.114100899
    5.726153153    0.195044274    0.195044282    0.114201391
    5.736162162    0.196666196    0.196666198    0.115744786
    5.746171171    0.200091270    0.200091266    0.118633358
    5.756180180    0.204795142    0.204795134    0.122222698
    5.766189189    0.210230642    0.210230633    0.125671990
    5.776198198    0.216316830    0.216316824    0.128520166
    5.786207207    0.223225764    0.223225762    0.131083573
    5.796216216    0.230933807    0.230933808    0.134278194
    5.806225225    0.239332141    0.239332145    0.138974644
    5.816234234    0.248816168    0.248816174    0.145390506
    5.826243243    0.260489880    0.260489887    0.152904096
    5.836252252    0.275443771    0.275443779    0.160451916
    5.846261261    0.293715115    0.293715126    0.167205333
    5.856270270    0.313513792    0.313513807    0.172821674
    5.866279279    0.331183553    0.331183573    0.177437628
    5.876288288    0.342859363    0.342859388    0.181899120
    5.886297297    0.346843563    0.346843587    0.187456084
    5.896306306    0.343800948    0.343800966    0.194495717
    5.906315315    0.335116519    0.335116529    0.201419760
    5.916324324    0.322037637    0.322037641    0.205075925
    5.926333333    0.306110514    0.306110517    0.203142354
    5.936342342    0.289605175    0.289605180    0.196352793
    5.946351351    0.274798670    0.274798678    0.187797368
    5.956360360    0.263062890    0.263062898    0.180440825
    5.966369369    0.254851588    0.254851593    0.175832224
    5.976378378    0.250082266    0.250082266    0.174415951
    5.986387387    0.248334918    0.248334914    0.176182567
    5.996396396    0.249001390    0.249001381    0.180982110
    6.006405405    0.251621609    0.251621594    0.188724769
    6.016414414    0.256110403    0.256110383    0.199591655
    6.026423423    0.262627269    0.262627247    0.213959484
    6.036432432    0.271351264    0.271351244    0.231836037
    6.046441441    0.282001302    0.282001286    0.251859969
    6.056450450    0.293180260    0.293180250    0.270486524
    6.066459459    0.302551300    0.302551295    0.282836268
    6.076468468    0.308010660    0.308010659    0.285954466
    6.086477477    0.308506606    0.308506607    0.281584756
    6.096486486    0.304089450    0.304089448    0.274691372
    6.106495495    0.295935529    0.295935522    0.269602647
    6.116504505    0.286127580    0.286127570    0.267936923
    6.126513514    0.277068960    0.277068951    0.268878174
    6.136522523    0.270754816    0.270754809    0.270350904
    6.146531532    0.268145833    0.268145827    0.270114628
    6.156540541    0.269102869    0.269102862    0.266673002
    6.166549550    0.272602615    0.272602604    0.260269305
    6.176558559    0.276591437    0.276591422    0.253081055
    6.186567568    0.278189828    0.278189810    0.247877451
    6.196576577    0.275438219    0.275438201    0.246690090
    6.206585586    0.269041040    0.269041025    0.250573682
    6.216594595    0.261513561    0.261513550    0.259560659
    6.226603604    0.254929791    0.254929783    0.272072897
    6.236612613    0.250034595    0.250034589    0.284515758
    6.246621622    0.246763678    0.246763674    0.292361279
    6.256630631    0.244734912    0.244734908    0.292547195
    6.266639640    0.243260485    0.243260480    0.285090817
    6.276648649    0.241357774    0.241357769    0.272813487
    6.286657658    0.238131396    0.238131389    0.259708771
    6.296666667    0.233380006    0.233379998    0.248935888
    6.306675676    0.227908941    0.227908932    0.241880165
    6.316684685    0.223133169    0.223133159    0.238600402
    6.326693694    0.220264993    0.220264984    0.238643741
    6.336702703    0.219801918    0.219801913    0.241400923
    6.346711712    0.221523427    0.221523427    0.246087462
    6.356720721    0.224888856    0.224888861    0.251760620
    6.366729730    0.229573633    0.229573642    0.257555372
    6.376738739    0.235601907    0.235601918    0.263261001
    6.386747748    0.243186605    0.243186616    0.269644270
    6.396756757    0.252622554    0.252622560    0.277862926
    6.406765766    0.263877958    0.263877957    0.288750146
    6.416774775    0.275960301    0.275960292    0.303064708
    6.426783784    0.286866663    0.286866647    0.322291094
    6.436792793    0.294692558    0.294692537    0.348490922
    6.446801802    0.299092675    0.299092651    0.382980259
    6.456810811    0.301044406    0.301044384    0.425000821
    6.466819820    0.301218403    0.301218385    0.471488057
    6.476828829    0.299599604    0.299599592    0.518696618
    6.486837838    0.296654449    0.296654442    0.564841105
    6.496846847    0.293823371    0.293823370    0.610826955
    6.506855856    0.292598804    0.292598810    0.657177746
    6.516864865    0.293523776    0.293523788    0.698741185
    6.526873874    0.296058712    0.296058728    0.723005717
    6.536882883    0.299219331    0.299219343    0.717865690
    6.546891892    0.302152798    0.302152799    0.683306443
    6.556900901    0.304319484    0.304319472    0.632026814
    6.566909910    0.305828784    0.305828759    0.578286933
    6.576918919    0.308087686    0.308087655    0.529329053
    6.586927928    0.313912681    0.313912649    0.485754542
    6.596936937    0.326597546    0.326597517    0.446404394
    6.606945946    0.348922725    0.348922702    0.411767559
    6.616954955    0.382771783    0.382771766    0.383588572
    6.626963964    0.428762750    0.428762740    0.362592557
    6.636972973    0.485142509    0.485142507    0.347173844
    6.646981982    0.546109136    0.546109144    0.334249725
    6.656990991    0.601551739    0.601551753    0.321738660
    6.667000000    0.640897130    0.640897135    0.310239442
    6.677009009    0.658933974    0.658933953    0.301965219
    6.687018018    0.656389794    0.656389737    0.298551635
    6.697027027    0.634993952    0.634993865    0.300164766
    6.707036036    0.595755875    0.595755773    0.306104439
    6.717045045    0.542923753    0.542923656    0.315736235
    6.727054054    0.485346306    0.485346224    0.328535050
    6.737063063    0.432059473    0.432059409    0.343072876
    6.747072072    0.388431886    0.388431840    0.356297219
    6.757081081    0.356095205    0.356095174    0.364375422
    6.767090090    0.334539996    0.334539977    0.364544502
    6.777099099    0.322332491    0.322332481    0.356554774
    6.787108108    0.317565479    0.317565475    0.343154419
    6.797117117    0.318084604    0.318084603    0.328918135
    6.807126126    0.322215423    0.322215424    0.317704919
    6.817135135    0.329833028    0.329833031    0.311113048
    6.827144144    0.342439575    0.342439579    0.308972921
    6.837153153    0.361725008    0.361725014    0.310722398
    6.847162162    0.387689341    0.387689346    0.316140512
    6.857171171    0.417249568    0.417249568    0.325043758
    6.867180180    0.444154380    0.444154371    0.337161965
    6.877189189    0.461651102    0.461651080    0.352582903
    6.887198198    0.467140434    0.467140402    0.371079403
    6.897207207    0.464121712    0.464121674    0.390034271
    6.907216216    0.459390031    0.459389993    0.403801863
    6.917225225    0.459416625    0.459416595    0.407066550
    6.927234234    0.468513753    0.468513734    0.399595054
    6.937243243    0.487801864    0.487801857    0.386005017
    6.947252252    0.514434391    0.514434393    0.370679660
    6.957261261    0.541923847    0.541923848    0.354696956
    6.967270270    0.562321195    0.562321184    0.337637834
    6.977279279    0.569238538    0.569238508    0.320568204
    6.987288288    0.560078730    0.560078680    0.306019915
    6.997297297    0.537053438    0.537053375    0.295836398
    7.007306306    0.506109696    0.506109628    0.289998621
    7.017315315    0.473732697    0.473732632    0.287287862
    7.027324324    0.444384583    0.444384523    0.286821757
    7.037333333    0.420402270    0.420402218    0.288795712
    7.047342342    0.403212296    0.403212252    0.293646867
    7.057351351    0.394118974    0.394118941    0.301061305
    7.067360360    0.394124892    0.394124869    0.310067368
    7.077369369    0.403399793    0.403399780    0.319526328
    7.087378378    0.421035012    0.421035005    0.328218598
    7.097387387    0.445052056    0.445052054    0.335013252
    7.107396396    0.472385404    0.472385402    0.339490356
    7.117405405    0.498986737    0.498986733    0.342018665
    7.127414414    0.520279460    0.520279451    0.343017790
    7.137423423    0.532182030    0.532182014    0.342657879
    7.147432432    0.533595588    0.533595563    0.341248127
    7.157441441    0.528660538    0.528660507    0.339336884
    7.167450450    0.525090289    0.525090256    0.337618513
    7.177459459    0.530342624    0.530342591    0.337382313
    7.187468468    0.549614687    0.549614660    0.340699227
    7.197477477    0.585575513    0.585575491    0.349720017
    7.207486486    0.638080017    0.638080000    0.366017219
    7.217495495    0.703165217    0.703165204    0.390272444
    7.227504505    0.772188372    0.772188359    0.421728830
    7.237513514    0.833217984    0.833217962    0.457766833
    7.247522523    0.875258236    0.875258201    0.494913860
    7.257531532    0.891973831    0.891973783    0.530911459
    7.267540541    0.882294504    0.882294454    0.564378448
    7.277549550    0.849994300    0.849994266    0.591127835
    7.287558559    0.802699762    0.802699755    0.602709487
    7.297567568    0.749029698    0.749029717    0.592262626
    7.307576577    0.696391540    0.696391574    0.562300357
    7.317585586    0.650854246    0.650854287    0.523331813
    7.327594595    0.616525863    0.616525909    0.484800581
    7.337603604    0.594341218    0.594341266    0.449200118
    7.347612613    0.582516309    0.582516357    0.413468780
    7.357621622    0.578312951    0.578312996    0.374594049
    7.367630631    0.578726717    0.578726757    0.333578438
    7.377639640    0.579854263    0.579854297    0.294224472
    7.387648649    0.577470365    0.577470389    0.259828932
    7.397657658    0.569260321    0.569260334    0.231785198
    7.407666667    0.555914448    0.555914453    0.210058351
    7.417675676    0.540014934    0.540014932    0.194014416
    7.427684685    0.524825385    0.524825381    0.182924606
    7.437693694    0.513677137    0.513677135    0.176174570
    7.447702703    0.508777375    0.508777376    0.173294179
    7.457711712    0.510088956    0.510088963    0.173823127
    7.467720721    0.515563211    0.515563223    0.177091310
    7.477729730    0.522209757    0.522209771    0.182108736
    7.487738739    0.526795760    0.526795773    0.187743304
    7.497747748    0.526912705    0.526912714    0.193223972
    7.507756757    0.523017804    0.523017807    0.198599426
    7.517765766    0.518731974    0.518731973    0.204403930
    7.527774775    0.517785707    0.517785704    0.210683435
    7.537783784    0.520471790    0.520471783    0.216632797
    7.547792793    0.522773248    0.522773238    0.221373904
    7.557801802    0.519104593    0.519104579    0.225038160
    7.567810811    0.507152511    0.507152496    0.228880496
    7.577819820    0.490364922    0.490364910    0.234289746
    7.587828829    0.475411569    0.475411560    0.242081873
    7.597837838    0.468023597    0.468023589    0.252703939
    7.607846847    0.471123360    0.471123352    0.266350314
    7.617855856    0.485034559    0.485034553    0.282570662
    7.627864865    0.508116544    0.508116544    0.300118948
    7.637873874    0.536651255    0.536651266    0.316923804
    7.647882883    0.564018326    0.564018349    0.329841823
    7.657891892    0.581708531    0.581708563    0.335834270
    7.667900901    0.584064910    0.584064942    0.334684959
    7.677909910    0.572579905    0.572579934    0.329236995
    7.687918919    0.554220897    0.554220920    0.322125234
    7.697927928    0.535908279    0.535908297    0.313595849
    7.707936937    0.520969843    0.520969857    0.302783646
    7.717945946    0.509255768    0.509255779    0.289704667
    7.727954955    0.499379764    0.499379774    0.275242127
    7.737963964    0.490970521    0.490970528    0.260292668
    7.747972973    0.485131790    0.485131793    0.245842269
    7.757981982    0.483332357    0.483332355    0.233153068
    7.767990991    0.486187587    0.486187579    0.223054101
    7.778000000    0.492811439    0.492811426    0.215299192
    7.788009009    0.501354174    0.501354156    0.209080244
    7.798018018    0.510739154    0.510739132    0.204020015
    7.808027027    0.521946191    0.521946163    0.200237168
    7.818036036    0.537407044    0.537407008    0.197671106
    7.828045045    0.559152917    0.559152871    0.195991821
    7.838054054    0.587909260    0.587909203    0.195135468
    7.848063063    0.624312209    0.624312143    0.195467526
    7.858072072    0.670629823    0.670629751    0.197388637
    7.868081081    0.730730080    0.730730004    0.200847858
    7.878090090    0.808748725    0.808748645    0.205165367
    7.888099099    0.908419102    0.908419014    0.209477232
    7.898108108    1.033246011    1.033245910    0.213614580
    7.908117117    1.185334597    1.185334473    0.218485806
    7.918126126    1.360938779    1.360938630    0.225252175
    7.928135135    1.543577477    1.543577308    0.234138639
    7.938144144    1.699234878    1.699234703    0.244193538
    7.948153153    1.784373396    1.784373240    0.254140458
    7.958162162    1.773619044    1.773618925    0.263329266
    7.968171171    1.683059555    1.683059481    0.271639761
    7.978180180    1.557367913    1.557367879    0.278416424
    7.988189189    1.438240811    1.438240810    0.281999599
    7.998198198    1.348912423    1.348912450    0.280901871
    8.008207207    1.296457765    1.296457817    0.275567638
    8.018216216    1.278818670    1.278818745    0.268325585
    8.028225225    1.290567941    1.290568027    0.261229148
    8.038234234    1.325079598    1.325079683    0.254589842
    8.048243243    1.371658876    1.371658953    0.247651251
    8.058252252    1.412844447    1.412844517    0.239792548
    8.068261261    1.430994422    1.430994490    0.230798503
    8.078270270    1.420736356    1.420736422    0.220694356
    8.088279279    1.390514492    1.390514551    0.209875111
    8.098288288    1.351280362    1.351280410    0.199235288
    8.108297297    1.307707087    1.307707130    0.189925112
    8.118306306    1.258163893    1.258163941    0.182889365
    8.128315315    1.198831696    1.198831758    0.178476949
    8.138324324    1.128046550    1.128046624    0.176405697
    8.148333333    1.049673171    1.049673248    0.176066231
    8.158342342    0.972830175    0.972830246    0.176896453
    8.168351351    0.906939572    0.906939633    0.178695547
    8.178360360    0.856759810    0.856759860    0.181785817
    8.188369369    0.821554982    0.821555023    0.186893182
    8.198378378    0.798147737    0.798147773    0.194823755
    8.208387387    0.784723030    0.784723062    0.206068630
    8.218396396    0.781544931    0.781544961    0.220471234
    8.228405405    0.788246370    0.788246400    0.237325910
    8.238414414    0.801402212    0.801402246    0.256168468
    8.248423423    0.815455461    0.815455507    0.277478832
    8.258432432    0.826416215    0.826416276    0.301996050
    8.268441441    0.833928754    0.833928826    0.329074087
    8.278450450    0.839542795    0.839542870    0.355804518
    8.288459459    0.844808370    0.844808442    0.377492152
    8.298468468    0.851811731    0.851811801    0.389089957
    8.308477477    0.864016815    0.864016886    0.387726747
    8.318486486    0.884774182    0.884774256    0.375132947
    8.328495495    0.915109323    0.915109406    0.356755297
    8.338504505    0.953460854    0.953460957    0.338034719
    8.348513514    0.996460822    0.996460960    0.321900825
    8.358522523    1.038402151    1.038402323    0.309260066
    8.368531532    1.070180248    1.070180432    0.300669867
    8.378540541    1.081382359    1.081382524    0.296717096
    8.388549550    1.066711487    1.066711613    0.297223455
    8.398558559    1.031677807    1.031677891    0.300996500
    8.408567568    0.989898727    0.989898779    0.306578991
    8.418576577    0.953271621    0.953271658    0.313095868
    8.428585586    0.925448393    0.925448433    0.320361314
    8.438594595    0.903778938    0.903778989    0.328506726
    8.448603604    0.885484863    0.885484925    0.337697267
    8.458612613    0.871265733    0.871265804    0.347623295
    8.468621622    0.863780390    0.863780469    0.356788540
    8.478630631    0.863962457    0.863962543    0.362923987
    8.488639640    0.868552484    0.868552572    0.364991412
    8.498648649    0.870663074    0.870663166    0.363972436
    8.508657658    0.863645927    0.863646026    0.360696216
    8.518666667    0.844238151    0.844238258    0.354168826
    8.528675676    0.812058008    0.812058113    0.343240080
    8.538684685    0.769676844    0.769676934    0.328787011
    8.548693694    0.724280241    0.724280313    0.313059969
    8.558702703    0.685577179    0.685577236    0.297999283
    8.568711712    0.660816611    0.660816660    0.284936441
    8.578720721    0.651834594    0.651834638    0.274797085
    8.588729730    0.654480132    0.654480172    0.268012776
    8.598738739    0.659259787    0.659259825    0.264546877
    8.608747748    0.654792341    0.654792379    0.264008050
    8.618756757    0.634750965    0.634751009    0.265697183
    8.628765766    0.602182083    0.602182137    0.268930365
    8.638774775    0.565899476    0.565899538    0.273718792
    8.648783784    0.534368265    0.534368334    0.281013784
    8.658792793    0.513173797    0.513173875    0.292091191
    8.668801802    0.504958732    0.504958820    0.307668257
    8.678810811    0.509444986    0.509445081    0.327459360
    8.688819820    0.523010753    0.523010850    0.350764681
    8.698828829    0.538289764    0.538289852    0.377888585
    8.708837838    0.545419341    0.545419410    0.410644464
    8.718846847    0.536691014    0.536691062    0.450876149
    8.728855856    0.512047141    0.512047172    0.498269608
    8.738864865    0.478862513    0.478862536    0.548966339
    8.748873874    0.445759391    0.445759414    0.596020924
    8.758882883    0.417524944    0.417524968    0.632675617
    8.768891892    0.394753321    0.394753348    0.656846878
    8.778900901    0.376441753    0.376441784    0.671416170
    8.788909910    0.362419904    0.362419940    0.679103729
    8.798918919    0.353542520    0.353542563    0.679366007
    8.808927928    0.350370790    0.350370839    0.671142593
    8.818936937    0.352288982    0.352289034    0.656054878
    8.828945946    0.357854241    0.357854293    0.638518358
    8.838954955    0.366080383    0.366080435    0.624278390
    8.848963964    0.377318002    0.377318057    0.617981715
    8.858972973    0.392571877    0.392571940    0.621053272
    8.868981982    0.412096011    0.412096086    0.632223230
    8.878990991    0.434788018    0.434788106    0.649417348
    8.889000000    0.458371122    0.458371220    0.668949657
    8.899009009    0.479241918    0.479242015    0.682654728
    8.909018018    0.492652473    0.492652556    0.679117241
    8.919027027    0.495111984    0.495112045    0.651031404
    8.929036036    0.487249322    0.487249362    0.601443418
    8.939045045    0.473382965    0.473382993    0.541558843
    8.949054054    0.458395484    0.458395507    0.483210238
    8.959063063    0.445821111    0.445821133    0.433800570
    8.969072072    0.438164953    0.438164978    0.395959295
    8.979081081    0.437038361    0.437038393    0.369472155
    8.989090090    0.441906462    0.441906499    0.353257561
    8.999099099    0.448990204    0.448990244    0.346413397
    9.009108108    0.452714074    0.452714113    0.348150944
    9.019117117    0.449879671    0.449879711    0.357141355
    9.029126126    0.442241222    0.442241266    0.370984854
    9.039135135    0.434140562    0.434140619    0.386500161
    9.049144144    0.428820269    0.428820345    0.401299519
    9.059153153    0.427199721    0.427199815    0.415201050
    9.069162162    0.427882009    0.427882115    0.429104304
    9.079171171    0.427252128    0.427252229    0.442418781
    9.089180180    0.421350910    0.421350993    0.452061601
    9.099189189    0.409112826    0.409112886    0.453982855
    9.109198198    0.392985592    0.392985632    0.446656512
    9.119207207    0.376605795    0.376605822    0.433506425
    9.129216216    0.363111800    0.363111819    0.420655663
    9.139225225    0.354658602    0.354658619    0.412470490
    9.149234234    0.352057232    0.352057250    0.409702499
    9.159243243    0.354983408    0.354983432    0.410593176
    9.169252252    0.362948340    0.362948372    0.412509338
    9.179261261    0.375846435    0.375846477    0.412338261
    9.189270270    0.393159137    0.393159188    0.406537376
    9.199279279    0.412877517    0.412877572    0.393143694
    9.209288288    0.431976172    0.431976227    0.374152087
    9.219297297    0.448417582    0.448417632    0.354132623
    9.229306306    0.461988202    0.461988246    0.336231178
    9.239315315    0.472594625    0.472594663    0.320166338
    9.249324324    0.479332945    0.479332976    0.303703525
    9.259333333    0.482339201    0.482339225    0.285518002
    9.269342342    0.483980688    0.483980710    0.266389835
    9.279351351    0.486602275    0.486602297    0.248223697
    9.289360360    0.489250156    0.489250178    0.232711213
    9.299369369    0.487181342    0.487181361    0.220571757
    9.309378378    0.475272712    0.475272727    0.211371872
    9.319387387    0.452715844    0.452715854    0.203905358
    9.329396396    0.424231436    0.424231445    0.197077181
    9.339405405    0.396838334    0.396838348    0.190715572
    9.349414414    0.376120636    0.376120657    0.185524039
    9.359423423    0.364884729    0.364884760    0.182448604
    9.369432432    0.363642294    0.363642337    0.182269408
    9.379441441    0.371452003    0.371452056    0.185441672
    9.389450450    0.386615072    0.386615136    0.191919442
    9.399459459    0.407187108    0.407187181    0.201109081
    9.409468468    0.430904292    0.430904370    0.212154834
    9.419477477    0.454461505    0.454461584    0.224224916
    9.429486486    0.473121312    0.473121382    0.236168445
    9.439495495    0.481987901    0.481987957    0.245986959
    9.449504505    0.479222244    0.479222285    0.251457323
    9.459513514    0.468338016    0.468338047    0.251716070
    9.469522523    0.456399803    0.456399833    0.247884357
    9.479531532    0.450057358    0.450057392    0.242090130
    9.489540541    0.452938262    0.452938304    0.236187651
    9.499549550    0.464877879    0.464877927    0.231040073
    9.509558559    0.482149366    0.482149418    0.226356150
    9.519567568    0.498524166    0.498524218    0.221198797
    9.529576577    0.507637572    0.507637622    0.214918905
    9.539585586    0.505951795    0.505951841    0.207662658
    9.549594595    0.493986503    0.493986542    0.200179054
    9.559603604    0.475109019    0.475109052    0.193343294
    9.569612613    0.452977635    0.452977662    0.187779240
    9.579621622    0.429603762    0.429603785    0.183708440
    9.589630631    0.405894226    0.405894246    0.181130456
    9.599639640    0.383464600    0.383464623    0.180194184
    9.609648649    0.365054486    0.365054515    0.181265460
    9.619657658    0.353310656    0.353310694    0.184682494
    9.629666667    0.349682976    0.349683024    0.190658644
    9.639675676    0.354083368    0.354083425    0.199313133
    9.649684685    0.365009982    0.365010044    0.210484762
    9.659693694    0.380299566    0.380299629    0.223269974
    9.669702703    0.398449169    0.398449233    0.235643622
    9.679711712    0.419121593    0.419121656    0.244845384
    9.689720721    0.441959963    0.441960025    0.248847028
    9.699729730    0.465071988    0.465072047    0.247814485
    9.709738739    0.484670877    0.484670931    0.244029943
    9.719747748    0.496421415    0.496421459    0.240432936
    9.729756757    0.497954542    0.497954577    0.239263637
    9.739765766    0.490665975    0.490666005    0.241596411
    9.749774775    0.479732314    0.479732345    0.247242943
    9.759783784    0.472223284    0.472223323    0.254654473
    9.769792793    0.474102258    0.474102310    0.261525151
    9.779801802    0.488202541    0.488202607    0.266258041
    9.789810811    0.513576639    0.513576718    0.268631925
    9.799819820    0.545163095    0.545163184    0.268960517
    9.809828829    0.574277122    0.574277211    0.267417593
    9.819837838    0.591512724    0.591512804    0.264095906
    9.829846847    0.591036461    0.591036526    0.259208449
    9.839855856    0.573006404    0.573006456    0.253481627
    9.849864865    0.542898949    0.542898991    0.248249508
    9.859873874    0.508027564    0.508027601    0.244951587
    9.869882883    0.473127451    0.473127485    0.244691539
    9.879891892    0.439045790    0.439045820    0.248147720
    9.889900901    0.405321869    0.405321898    0.255715662
    9.899909910    0.372971319    0.372971347    0.267641894
    9.909918919    0.344485289    0.344485316    0.283812189
    9.919927928    0.322095375    0.322095404    0.303268360
    9.929936937    0.306628294    0.306628324    0.323836667
    9.939945946    0.297338738    0.297338770    0.342203607
    9.949954955    0.292160857    0.292160889    0.355041429
    9.959963964    0.288298573    0.288298603    0.361195122
    9.969972973    0.283223550    0.283223576    0.363013762
    9.979981982    0.275731715    0.275731737    0.364931519
    9.989990991    0.266145040    0.266145059    0.370471526
   10.000000000    0.255469025    0.255469043    0.380493627
