# energy grid [eV]     epsi_x  epsi_y  epsi_z
#
    0.001000000    0.000058477    0.000058477    0.000008900
    0.011009009    0.000643799    0.000643799    0.000097978
    0.021018018    0.001229241    0.001229241    0.000187062
    0.031027027    0.001814912    0.001814912    0.000276156
    0.041036036    0.002400923    0.002400923    0.000365263
    0.051045045    0.002987382    0.002987382    0.000454390
    0.061054054    0.003574401    0.003574400    0.000543540
    0.071063063    0.004162088    0.004162088    0.000632719
    0.081072072    0.004750554    0.004750554    0.000721930
    0.091081081    0.005339912    0.005339912    0.000811178
    0.101090090    0.005930273    0.005930273    0.000900469
    0.111099099    0.006521748    0.006521748    0.000989807
    0.121108108    0.007114452    0.007114452    0.001079195
    0.131117117    0.007708497    0.007708497    0.001168640
    0.141126126    0.008303999    0.008303999    0.001258146
    0.151135135    0.008901073    0.008901072    0.001347717
    0.161144144    0.009499835    0.009499835    0.001437358
    0.171153153    0.010100403    0.010100403    0.001527074
    0.181162162    0.010702896    0.010702895    0.001616869
    0.191171171    0.011307433    0.011307433    0.001706749
    0.201180180    0.011914136    0.011914136    0.001796718
    0.211189189    0.012523127    0.012523127    0.001886781
    0.221198198    0.013134530    0.013134530    0.001976942
    0.231207207    0.013748471    0.013748471    0.002067207
    0.241216216    0.014365076    0.014365076    0.002157579
    0.251225225    0.014984476    0.014984476    0.002248065
    0.261234234    0.015606799    0.015606799    0.002338669
    0.271243243    0.016232180    0.016232180    0.002429395
    0.281252252    0.016860752    0.016860752    0.002520250
    0.291261261    0.017492653    0.017492653    0.002611236
    0.301270270    0.018128021    0.018128020    0.002702361
    0.311279279    0.018766997    0.018766996    0.002793627
    0.321288288    0.019409725    0.019409725    0.002885042
    0.331297297    0.020056352    0.020056351    0.002976608
    0.341306306    0.020707026    0.020707025    0.003068333
    0.351315315    0.021361899    0.021361898    0.003160220
    0.361324324    0.022021125    0.022021125    0.003252274
    0.371333333    0.022684864    0.022684863    0.003344502
    0.381342342    0.023353274    0.023353274    0.003436907
    0.391351351    0.024026521    0.024026521    0.003529496
    0.401360360    0.024704773    0.024704772    0.003622273
    0.411369369    0.025388200    0.025388199    0.003715244
    0.421378378    0.026076978    0.026076977    0.003808414
    0.431387387    0.026771286    0.026771286    0.003901788
    0.441396396    0.027471308    0.027471307    0.003995372
    0.451405405    0.028177231    0.028177230    0.004089170
    0.461414414    0.028889247    0.028889247    0.004183190
    0.471423423    0.029607554    0.029607554    0.004277435
    0.481432432    0.030332353    0.030332353    0.004371912
    0.491441441    0.031063851    0.031063851    0.004466626
    0.501450450    0.031802261    0.031802261    0.004561583
    0.511459459    0.032547801    0.032547801    0.004656789
    0.521468468    0.033300695    0.033300695    0.004752248
    0.531477477    0.034061173    0.034061172    0.004847967
    0.541486486    0.034829470    0.034829470    0.004943952
    0.551495495    0.035605832    0.035605831    0.005040208
    0.561504505    0.036390506    0.036390506    0.005136742
    0.571513514    0.037183752    0.037183752    0.005233559
    0.581522523    0.037985834    0.037985834    0.005330666
    0.591531532    0.038797025    0.038797025    0.005428068
    0.601540541    0.039617607    0.039617607    0.005525771
    0.611549550    0.040447870    0.040447870    0.005623782
    0.621558559    0.041288113    0.041288113    0.005722107
    0.631567568    0.042138645    0.042138645    0.005820753
    0.641576577    0.042999786    0.042999785    0.005919725
    0.651585586    0.043871863    0.043871863    0.006019030
    0.661594595    0.044755219    0.044755218    0.006118675
    0.671603604    0.045650205    0.045650204    0.006218666
    0.681612613    0.046557184    0.046557183    0.006319009
    0.691621622    0.047476535    0.047476534    0.006419712
    0.701630631    0.048408646    0.048408645    0.006520782
    0.711639640    0.049353922    0.049353921    0.006622224
    0.721648649    0.050312782    0.050312781    0.006724047
    0.731657658    0.051285659    0.051285659    0.006826256
    0.741666667    0.052273005    0.052273004    0.006928859
    0.751675676    0.053275286    0.053275285    0.007031864
    0.761684685    0.054292988    0.054292987    0.007135277
    0.771693694    0.055326615    0.055326614    0.007239106
    0.781702703    0.056376691    0.056376690    0.007343359
    0.791711712    0.057443761    0.057443760    0.007448042
    0.801720721    0.058528392    0.058528391    0.007553163
    0.811729730    0.059631175    0.059631174    0.007658730
    0.821738739    0.060752724    0.060752724    0.007764752
    0.831747748    0.061893681    0.061893681    0.007871235
    0.841756757    0.063054714    0.063054714    0.007978187
    0.851765766    0.064236521    0.064236520    0.008085618
    0.861774775    0.065439829    0.065439828    0.008193535
    0.871783784    0.066665399    0.066665398    0.008301946
    0.881792793    0.067914026    0.067914025    0.008410859
    0.891801802    0.069186542    0.069186541    0.008520284
    0.901810811    0.070483816    0.070483815    0.008630229
    0.911819820    0.071806761    0.071806760    0.008740703
    0.921828829    0.073156332    0.073156331    0.008851714
    0.931837838    0.074533529    0.074533528    0.008963272
    0.941846847    0.075939404    0.075939403    0.009075386
    0.951855856    0.077375060    0.077375059    0.009188064
    0.961864865    0.078841657    0.078841656    0.009301317
    0.971873874    0.080340414    0.080340413    0.009415154
    0.981882883    0.081872614    0.081872613    0.009529585
    0.991891892    0.083439609    0.083439607    0.009644619
    1.001900901    0.085042822    0.085042821    0.009760267
    1.011909910    0.086683758    0.086683756    0.009876538
    1.021918919    0.088364000    0.088363999    0.009993443
    1.031927928    0.090085226    0.090085225    0.010110993
    1.041936937    0.091849207    0.091849206    0.010229197
    1.051945946    0.093657819    0.093657818    0.010348068
    1.061954955    0.095513049    0.095513048    0.010467615
    1.071963964    0.097417004    0.097417002    0.010587849
    1.081972973    0.099371920    0.099371918    0.010708783
    1.091981982    0.101380172    0.101380170    0.010830427
    1.101990991    0.103444287    0.103444286    0.010952794
    1.112000000    0.105566956    0.105566954    0.011075894
    1.122009009    0.107751044    0.107751042    0.011199741
    1.132018018    0.109999609    0.109999607    0.011324346
    1.142027027    0.112315918    0.112315917    0.011449722
    1.152036036    0.114703465    0.114703463    0.011575882
    1.162045045    0.117165988    0.117165987    0.011702838
    1.172054054    0.119707498    0.119707496    0.011830603
    1.182063063    0.122332295    0.122332293    0.011959192
    1.192072072    0.125045005    0.125045003    0.012088617
    1.202081081    0.127850605    0.127850603    0.012218893
    1.212090090    0.130754459    0.130754457    0.012350033
    1.222099099    0.133762354    0.133762352    0.012482052
    1.232108108    0.136880549    0.136880547    0.012614965
    1.242117117    0.140115817    0.140115814    0.012748786
    1.252126126    0.143475503    0.143475501    0.012883530
    1.262135135    0.146967586    0.146967583    0.013019213
    1.272144144    0.150600745    0.150600743    0.013155851
    1.282153153    0.154384441    0.154384439    0.013293460
    1.292162162    0.158329005    0.158329003    0.013432056
    1.302171171    0.162445740    0.162445737    0.013571656
    1.312180180    0.166747036    0.166747033    0.013712277
    1.322189189    0.171246505    0.171246503    0.013853935
    1.332198198    0.175959133    0.175959130    0.013996650
    1.342207207    0.180901453    0.180901450    0.014140438
    1.352216216    0.186091752    0.186091749    0.014285319
    1.362225225    0.191550302    0.191550299    0.014431310
    1.372234234    0.197299637    0.197299634    0.014578432
    1.382243243    0.203364867    0.203364864    0.014726704
    1.392252252    0.209774053    0.209774049    0.014876145
    1.402261261    0.216558642    0.216558639    0.015026776
    1.412270270    0.223753987    0.223753984    0.015178618
    1.422279279    0.231399951    0.231399947    0.015331693
    1.432288288    0.239541635    0.239541631    0.015486022
    1.442297297    0.248230244    0.248230240    0.015641626
    1.452306306    0.257524123    0.257524119    0.015798530
    1.462315315    0.267490010    0.267490006    0.015956756
    1.472324324    0.278204547    0.278204542    0.016116328
    1.482333333    0.289756122    0.289756117    0.016277270
    1.492342342    0.302247129    0.302247124    0.016439606
    1.502351351    0.315796741    0.315796735    0.016603364
    1.512360360    0.330544344    0.330544338    0.016768568
    1.522369369    0.346653827    0.346653821    0.016935245
    1.532378378    0.364318950    0.364318944    0.017103422
    1.542387387    0.383770129    0.383770122    0.017273127
    1.552396396    0.405283066    0.405283059    0.017444389
    1.562405405    0.429189810    0.429189803    0.017617237
    1.572414414    0.455893040    0.455893032    0.017791701
    1.582423423    0.485884660    0.485884652    0.017967812
    1.592432432    0.519770210    0.519770201    0.018145601
    1.602441441    0.558301173    0.558301164    0.018325100
    1.612450450    0.602418096    0.602418086    0.018506344
    1.622459459    0.653308587    0.653308577    0.018689364
    1.632468468    0.712485926    0.712485914    0.018874197
    1.642477477    0.781896206    0.781896194    0.019060879
    1.652486486    0.864064934    0.864064921    0.019249445
    1.662495495    0.962297442    0.962297427    0.019439934
    1.672504505    1.080950648    1.080950633    0.019632384
    1.682513514    1.225793345    1.225793327    0.019826835
    1.692522523    1.404459617    1.404459597    0.020023329
    1.702531532    1.626952361    1.626952338    0.020221906
    1.712540541    1.906015138    1.906015112    0.020422610
    1.722549550    2.256836930    2.256836900    0.020625486
    1.732558559    2.694757945    2.694757910    0.020830579
    1.742567568    3.228193720    3.228193679    0.021037936
    1.752576577    3.842601869    3.842601821    0.021247606
    1.762585586    4.474533623    4.474533568    0.021459638
    1.772594595    4.993058666    4.993058606    0.021674084
    1.782603604    5.234693535    5.234693471    0.021890996
    1.792612613    5.110358649    5.110358585    0.022110430
    1.802621622    4.683504493    4.683504432    0.022332440
    1.812630631    4.113974378    4.113974321    0.022557086
    1.822639640    3.545208819    3.545208764    0.022784426
    1.832648649    3.054226808    3.054226754    0.023014523
    1.842657658    2.664222214    2.664222160    0.023247439
    1.852666667    2.371458846    2.371458790    0.023483242
    1.862675676    2.163536799    2.163536739    0.023721998
    1.872684685    2.028026101    2.028026034    0.023963778
    1.882693694    1.955650564    1.955650487    0.024208655
    1.892702703    1.941143328    1.941143237    0.024456703
    1.902711712    1.983315762    1.983315654    0.024708000
    1.912720721    2.084896671    2.084896541    0.024962626
    1.922729730    2.252088421    2.252088260    0.025220665
    1.932738739    2.493164004    2.493163807    0.025482203
    1.942747748    2.814460324    2.814460089    0.025747330
    1.952756757    3.210883564    3.210883294    0.026016137
    1.962765766    3.648557919    3.648557640    0.026288722
    1.972774775    4.046076943    4.046076706    0.026565184
    1.982783784    4.282315394    4.282315261    0.026845627
    1.992792793    4.260895710    4.260895710    0.027130159
    2.002801802    3.988524326    3.988524432    0.027418892
    2.012810811    3.568504285    3.568504440    0.027711942
    2.022819820    3.118518188    3.118518346    0.028009431
    2.032828829    2.712712771    2.712712907    0.028311486
    2.042837838    2.379080415    2.379080523    0.028618238
    2.052846847    2.118918797    2.118918878    0.028929825
    2.062855856    1.923141214    1.923141273    0.029246390
    2.072864865    1.780749657    1.780749699    0.029568084
    2.082873874    1.682146654    1.682146682    0.029895063
    2.092882883    1.620030477    1.620030494    0.030227491
    2.102891892    1.589389187    1.589389196    0.030565539
    2.112900901    1.587262948    1.587262950    0.030909387
    2.122909910    1.612533148    1.612533144    0.031259225
    2.132918919    1.665827283    1.665827275    0.031615249
    2.142927928    1.749566117    1.749566106    0.031977668
    2.152936937    1.868154859    1.868154844    0.032346700
    2.162945946    2.028292024    2.028292007    0.032722575
    2.172954955    2.239294016    2.239293996    0.033105536
    2.182963964    2.513128760    2.513128739    0.033495839
    2.192972973    2.863358417    2.863358395    0.033893754
    2.202981982    3.301180373    3.301180349    0.034299566
    2.212990991    3.825303092    3.825303065    0.034713579
    2.223000000    4.402546471    4.402546434    0.035136114
    2.233009009    4.945003955    4.945003900    0.035567511
    2.243018018    5.314066063    5.314065978    0.036008133
    2.253027027    5.390105751    5.390105633    0.036458367
    2.263036036    5.169165914    5.169165767    0.036918624
    2.273045045    4.768489894    4.768489729    0.037389347
    2.283054054    4.333335888    4.333335711    0.037871008
    2.293063063    3.962145370    3.962145182    0.038364114
    2.303072072    3.698552375    3.698552170    0.038869211
    2.313081081    3.554012933    3.554012704    0.039386890
    2.323090090    3.528375864    3.528375600    0.039917788
    2.333099099    3.620751563    3.620751252    0.040462596
    2.343108108    3.832671146    3.832670775    0.041022067
    2.353117117    4.164995372    4.164994934    0.041597023
    2.363126126    4.607139963    4.607139465    0.042188365
    2.373135135    5.116619381    5.116618860    0.042797081
    2.383144144    5.596443735    5.596443273    0.043424266
    2.393153153    5.902841405    5.902841101    0.044071131
    2.403162162    5.919640792    5.919640693    0.044739028
    2.413171171    5.651550402    5.651550467    0.045429471
    2.423180180    5.219395705    5.219395841    0.046144165
    2.433189189    4.763908271    4.763908397    0.046885043
    2.443198198    4.375969138    4.375969211    0.047654312
    2.453207207    4.092514630    4.092514635    0.048454507
    2.463216216    3.919544594    3.919544528    0.049288565
    2.473225225    3.851870569    3.851870431    0.050159914
    2.483234234    3.883707186    3.883706974    0.051072597
    2.493243243    4.013194637    4.013194343    0.052031423
    2.503252252    4.244048429    4.244048041    0.053042172
    2.513261261    4.585899991    4.585899494    0.054111868
    2.523270270    5.053441574    5.053440947    0.055249141
    2.533279279    5.663119773    5.663118999    0.056464711
    2.543288288    6.424756698    6.424755774    0.057772048
    2.553297297    7.325870634    7.325869592    0.059188234
    2.563306306    8.313999463    8.313998378    0.060735095
    2.573315315    9.298119222    9.298118189    0.062440563
    2.583324324   10.184896701   10.184895771    0.064340109
    2.593333333   10.912286451   10.912285621    0.066477569
    2.603342342   11.440199284   11.440198557    0.068903684
    2.613351351   11.749550503   11.749549927    0.071668820
    2.623360360   11.880647219   11.880646854    0.074804993
    2.633369369   11.945562087   11.945561939    0.078297617
    2.643378378   12.091750441   12.091750430    0.082069270
    2.653387387   12.454932027   12.454932027    0.086016913
    2.663396396   13.111557079   13.111556997    0.090078054
    2.673405405   14.031624714   14.031624539    0.094186185
    2.683414414   15.057993561   15.057993353    0.098098517
    2.693423423   15.957074840   15.957074667    0.101377296
    2.703432432   16.541520015   16.541519899    0.103732243
    2.713441441   16.749191778   16.749191689    0.105392529
    2.723450450   16.609053659   16.609053559    0.107001128
    2.733459459   16.211744483   16.211744351    0.109164288
    2.743468468   15.715580948   15.715580784    0.112117929
    2.753477477   15.274043367   15.274043166    0.115610701
    2.763486486   14.931985709   14.931985456    0.118948663
    2.773495495   14.633087375   14.633087046    0.121326471
    2.783504505   14.336735404   14.336734991    0.122417733
    2.793513514   14.104885469   14.104884980    0.122649499
    2.803522523   14.057871645   14.057871087    0.122815568
    2.813531532   14.266123730   14.266123089    0.123562094
    2.823540541   14.697121159   14.697120406    0.125226590
    2.833549550   15.248879837   15.248878948    0.127932244
    2.843558559   15.821665309   15.821664291    0.131715821
    2.853567568   16.354799586   16.354798486    0.136608585
    2.863576577   16.817041555   16.817040463    0.142676339
    2.873585586   17.199223651   17.199222685    0.150039457
    2.883594595   17.497473513   17.497472798    0.158887182
    2.893603604   17.657953792   17.657953429    0.169493735
    2.903612613   17.568791873   17.568791884    0.182240216
    2.913621622   17.149841520   17.149841825    0.197644342
    2.923630631   16.432329091   16.432329573    0.216397790
    2.933639640   15.535053058   15.535053630    0.239405167
    2.943648649   14.588104005   14.588104623    0.267803339
    2.953657658   13.691498552   13.691499198    0.302902783
    2.963666667   12.914576982   12.914577652    0.345914700
    2.973675676   12.289698124   12.289698800    0.397206968
    2.983684685   11.789333021   11.789333661    0.454798530
    2.993693694   11.323365543   11.323366114    0.512366753
    3.003702703   10.789385587   10.789386097    0.558858106
    3.013711712   10.142067840   10.142068321    0.583120206
    3.023720721    9.410284689    9.410285149    0.582258951
    3.033729730    8.667901029    8.667901443    0.564675226
    3.043738739    7.996501419    7.996501760    0.543824799
    3.053747748    7.447520133    7.447520407    0.530714661
    3.063756757    7.023475219    7.023475465    0.531522185
    3.073765766    6.694289672    6.694289928    0.548701457
    3.083774775    6.430347417    6.430347689    0.582151105
    3.093783784    6.214231229    6.214231494    0.629062050
    3.103792793    6.025157560    6.025157797    0.683042881
    3.113801802    5.837068778    5.837068973    0.734528460
    3.123810811    5.646022895    5.646023035    0.773567553
    3.133819820    5.484143393    5.484143462    0.792656409
    3.143828829    5.394671029    5.394671017    0.788670290
    3.153837838    5.399459188    5.399459106    0.765800875
    3.163846847    5.487007924    5.487007798    0.735372059
    3.173855856    5.622830697    5.622830556    0.709512309
    3.183864865    5.774208314    5.774208171    0.695011754
    3.193873874    5.924766498    5.924766346    0.691876107
    3.203882883    6.061345975    6.061345810    0.695614614
    3.213891892    6.162040677    6.162040503    0.701842655
    3.223900901    6.211050112    6.211049937    0.710657251
    3.233909910    6.212246193    6.212246036    0.727109540
    3.243918919    6.173843349    6.173843264    0.757954686
    3.253927928    6.091258326    6.091258393    0.808208022
    3.263936937    5.955487883    5.955488181    0.879028015
    3.273945946    5.764938741    5.764939310    0.965803591
    3.283954955    5.527464916    5.527465717    1.055891372
    3.293963964    5.263028487    5.263029402    1.128745948
    3.303972973    5.002791827    5.002792720    1.164105441
    3.313981982    4.783743622    4.783744389    1.156806577
    3.323990991    4.642315646    4.642316230    1.122128835
    3.334000000    4.606833317    4.606833703    1.083764888
    3.344009009    4.693146786    4.693146994    1.059928386
    3.354018018    4.903147794    4.903147881    1.060199419
    3.364027027    5.220932598    5.220932668    1.088714011
    3.374036036    5.607665633    5.607665819    1.145529470
    3.384045045    6.004222650    6.004223063    1.224418920
    3.394054054    6.346856152    6.346856813    1.310647469
    3.404063063    6.586497002    6.586497828    1.382943604
    3.414072072    6.702692630    6.702693499    1.420247954
    3.424081081    6.718272419    6.718273246    1.410359349
    3.434090090    6.700601242    6.700601998    1.357902239
    3.444099099    6.719325032    6.719325719    1.284242382
    3.454108108    6.785996161    6.785996780    1.215159922
    3.464117117    6.831880412    6.831880951    1.168176380
    3.474126126    6.753402614    6.753403058    1.149179375
    3.484135135    6.503978398    6.503978749    1.155529925
    3.494144144    6.141053152    6.141053434    1.181181353
    3.504153153    5.775147484    5.775147722    1.220609983
    3.514162162    5.495551573    5.495551790    1.267697810
    3.524171171    5.343248683    5.343248891    1.311855260
    3.534180180    5.317922263    5.317922470    1.340870493
    3.544189189    5.391425634    5.391425847    1.351166120
    3.554198198    5.527340154    5.527340382    1.351391384
    3.564207207    5.710203454    5.710203714    1.353889401
    3.574216216    5.961338153    5.961338464    1.366389604
    3.584225225    6.316959193    6.316959573    1.390148362
    3.594234234    6.785483522    6.785483977    1.420806074
    3.604243243    7.315636395    7.315636916    1.451660248
    3.614252252    7.799188566    7.799189117    1.478935991
    3.624261261    8.131763999    8.131764534    1.505719035
    3.634270270    8.303078255    8.303078755    1.542279696
    3.644279279    8.416155111    8.416155603    1.600495721
    3.654288288    8.605130320    8.605130847    1.685511200
    3.664297297    8.943214751    8.943215342    1.791509076
    3.674306306    9.406876910    9.406877568    1.902429630
    3.684315315    9.888625109    9.888625798    1.996552046
    3.694324324   10.242160172   10.242160812    2.057715062
    3.704333333   10.349855360   10.349855865    2.086149538
    3.714342342   10.172701565   10.172701868    2.092304698
    3.724351351    9.730159043    9.730159079    2.079143365
    3.734360360    9.056549090    9.056548816    2.036604776
    3.744369369    8.216229737    8.216229194    1.954056755
    3.754378378    7.321397839    7.321397153    1.835009880
    3.764387387    6.487265460    6.487264764    1.697797966
    3.774396396    5.779620228    5.779619616    1.562914696
    3.784405405    5.206809795    5.206809317    1.442832449
    3.794414414    4.744703688    4.744703358    1.341621839
    3.804423423    4.368493437    4.368493237    1.258520513
    3.814432432    4.070149032    4.070148921    1.190799167
    3.824441441    3.854269726    3.854269666    1.135229810
    3.834450450    3.726722186    3.726722154    1.089290470
    3.844459459    3.689261658    3.689261645    1.051860756
    3.854468468    3.738682522    3.738682536    1.021240702
    3.864477477    3.865755889    3.865755953    0.993142979
    3.874486486    4.055016559    4.055016703    0.963168138
    3.884495495    4.291106361    4.291106608    0.931423147
    3.894504505    4.569645679    4.569646020    0.903426646
    3.904513514    4.895090060    4.895090451    0.886729534
    3.914522523    5.259104266    5.259104638    0.887326310
    3.924531532    5.622832895    5.622833166    0.908251973
    3.934540541    5.922764366    5.922764463    0.949367760
    3.944549550    6.094641890    6.094641783    1.006896802
    3.954558559    6.106250125    6.106249849    1.073044150
    3.964567568    5.979535029    5.979534669    1.137068028
    3.974576577    5.769190180    5.769189817    1.187792462
    3.984585586    5.519871711    5.519871393    1.216423603
    3.994594595    5.258876863    5.258876596    1.219765563
    4.004603604    5.018656356    5.018656115    1.203323094
    4.014612613    4.841822346    4.841822101    1.180845160
    4.024621622    4.761677129    4.761676853    1.169001751
    4.034630631    4.785035535    4.785035215    1.181349935
    4.044639640    4.890758591    4.890758227    1.225234661
    4.054648649    5.043100183    5.043099784    1.300566132
    4.064657658    5.211880605    5.211880192    1.397834167
    4.074666667    5.381803730    5.381803335    1.496366132
    4.084675676    5.545639736    5.545639408    1.569192881
    4.094684685    5.696273569    5.696273361    1.597538137
    4.104693694    5.825638867    5.825638817    1.581151960
    4.114702703    5.923356561    5.923356662    1.530126322
    4.124711712    5.973424597    5.973424779    1.452418281
    4.134720721    5.957192648    5.957192813    1.355733753
    4.144729730    5.866981784    5.866981865    1.253741495
    4.154738739    5.723886043    5.723886028    1.162055983
    4.164747748    5.579358725    5.579358651    1.090239884
    4.174756757    5.491955626    5.491955566    1.038969319
    4.184765766    5.499258411    5.499258462    1.001882589
    4.194774775    5.608356772    5.608357013    0.970017424
    4.204783784    5.808450091    5.808450533    0.937516562
    4.214792793    6.088037813    6.088038389    0.904655377
    4.224801802    6.434799944    6.434800565    0.875860667
    4.234810811    6.815856453    6.815857044    0.855904162
    4.244819820    7.162470678    7.162471169    0.847597578
    4.254828829    7.390105588    7.390105892    0.851539889
    4.264837838    7.440935788    7.440935818    0.867231091
    4.274846847    7.304763391    7.304763103    0.894438308
    4.284855856    7.022759166    7.022758608    0.933403344
    4.294864865    6.685925792    6.685925076    0.983560108
    4.304873874    6.405406702    6.405405934    1.042059730
    4.314882883    6.269049706    6.269048945    1.103066513
    4.324891892    6.321048504    6.321047782    1.158483689
    4.334900901    6.561702958    6.561702320    1.202049329
    4.344909910    6.946688556    6.946688097    1.235248084
    4.354918919    7.388558776    7.388558623    1.267787106
    4.364927928    7.787233294    7.787233522    1.311796722
    4.374936937    8.088100637    8.088101165    1.376598576
    4.384945946    8.297554758    8.297555354    1.466850077
    4.394954955    8.420145450    8.420145846    1.583033759
    4.404963964    8.405084861    8.405084882    1.723663377
    4.414972973    8.181733611    8.181733269    1.887479134
    4.424981982    7.739086046    7.739085509    2.072610138
    4.434990991    7.152485202    7.152484653    2.273408015
    4.445000000    6.533826556    6.533826089    2.478984988
    4.455009009    5.967435161    5.967434788    2.674655039
    4.465018018    5.490824504    5.490824203    2.846523637
    4.475027027    5.116897806    5.116897536    2.991515078
    4.485036036    4.854038717    4.854038435    3.124061499
    4.495045045    4.702314749    4.702314432    3.265759122
    4.505054054    4.641239883    4.641239541    3.426399788
    4.515063063    4.626834724    4.626834399    3.593877980
    4.525072072    4.603872339    4.603872079    3.738221303
    4.535081081    4.531242177    4.531241998    3.828948199
    4.545090090    4.405760888    4.405760763    3.860759612
    4.555099099    4.259748977    4.259748879    3.865068964
    4.565108108    4.132223904    4.132223840    3.888466429
    4.575117117    4.047800572    4.047800567    3.959871142
    4.585126126    4.020243142    4.020243196    4.076758167
    4.595135135    4.060764876    4.060764972    4.209420446
    4.605144144    4.174820215    4.174820358    4.310190630
    4.615153153    4.357757363    4.357757577    4.330863418
    4.625162162    4.599393799    4.599394088    4.252505858
    4.635171171    4.884915749    4.884916078    4.101993072
    4.645180180    5.179498202    5.179498523    3.933771551
    4.655189189    5.418655604    5.418655894    3.799003067
    4.665198198    5.534885394    5.534885664    3.728794501
    4.675207207    5.502115579    5.502115861    3.730696866
    4.685216216    5.351829891    5.351830210    3.790847597
    4.695225225    5.152679929    5.152680280    3.879893614
    4.705234234    4.971382482    4.971382831    3.965298294
    4.715243243    4.839643430    4.839643728    4.029939495
    4.725252252    4.753283154    4.753283362    4.082528046
    4.735261261    4.701317994    4.701318106    4.144889528
    4.745270270    4.689655147    4.689655187    4.229368459
    4.755279279    4.732510831    4.732510819    4.329519924
    4.765288288    4.827529532    4.827529452    4.422967163
    4.775297297    4.945693273    4.945693081    4.479654063
    4.785306306    5.050880921    5.050880593    4.481576028
    4.795315315    5.131063239    5.131062807    4.443742497
    4.805324324    5.200775656    5.200775192    4.404157847
    4.815333333    5.278005820    5.278005382    4.389460045
    4.825342342    5.374851361    5.374850964    4.397944299
    4.835351351    5.498600357    5.498599986    4.413211192
    4.845360360    5.641045371    5.641045015    4.429750741
    4.855369369    5.771713120    5.771712792    4.465066954
    4.865378378    5.856318677    5.856318399    4.545371043
    4.875387387    5.883631167    5.883630951    4.682031469
    4.885396396    5.863263132    5.863262983    4.865259714
    4.895405405    5.799468185    5.799468081    5.076995100
    4.905414414    5.681064804    5.681064684    5.305481401
    4.915423423    5.499573262    5.499573056    5.548583404
    4.925432432    5.276751078    5.276750747    5.805374365
    4.935441441    5.066786478    5.066786025    6.063264040
    4.945450450    4.921104429    4.921103903    6.296940950
    4.955459459    4.851808976    4.851808476    6.487052891
    4.965468468    4.824206110    4.824205779    6.632703120
    4.975477477    4.782242746    4.782242704    6.744341691
    4.985486486    4.693390753    4.693391006    6.838365012
    4.995495495    4.574030915    4.574031353    6.933167803
    5.005504505    4.467807246    4.467807728    7.041816543
    5.015513514    4.402648332    4.402648752    7.168588179
    5.025522523    4.367281198    4.367281496    7.307387541
    5.035531532    4.324083760    4.324083908    7.446446555
    5.045540541    4.248196562    4.248196571    7.578564104
    5.055549550    4.153262735    4.153262640    7.696612989
    5.065558559    4.075884805    4.075884662    7.774089742
    5.075567568    4.044497667    4.044497537    7.773371713
    5.085576577    4.065139942    4.065139887    7.695635512
    5.095585586    4.127609972    4.127610027    7.605350161
    5.105594595    4.222005750    4.222005903    7.586345401
    5.115603604    4.350578714    4.350578922    7.683135034
    5.125612613    4.521205336    4.521205557    7.877153159
    5.135621622    4.726652193    4.726652400    8.094281026
    5.145630631    4.931633845    4.931634020    8.239775308
    5.155639640    5.080109995    5.080110114    8.255916685
    5.165648649    5.116992389    5.116992424    8.154545839
    5.175657658    5.016694070    5.016694008    7.982188933
    5.185666667    4.806616064    4.806615922    7.768853777
    5.195675676    4.558842975    4.558842780    7.530124124
    5.205684685    4.348067832    4.348067604    7.298684668
    5.215693694    4.213209229    4.213208984    7.125524645
    5.225702703    4.145721839    4.145721597    7.048437458
    5.235711712    4.100573763    4.100573556    7.069637384
    5.245720721    4.026300326    4.026300176    7.167193007
    5.255729730    3.904104405    3.904104302    7.320477445
    5.265738739    3.763369977    3.763369880    7.516271294
    5.275747748    3.657144978    3.657144841    7.739768297
    5.285756757    3.628767175    3.628766969    7.969614065
    5.295765766    3.697886933    3.697886652    8.173591470
    5.305774775    3.860507599    3.860507261    8.316764214
    5.315783784    4.092207208    4.092206847    8.397640020
    5.325792793    4.354256037    4.354255694    8.471609989
    5.335801802    4.600770991    4.600770702    8.626982579
    5.345810811    4.781682440    4.781682245    8.942521346
    5.355819820    4.850874268    4.850874197    9.452970183
    5.365828829    4.784469776    4.784469818   10.127332322
    5.375837838    4.591834290    4.591834383   10.873168780
    5.385846847    4.308829766    4.308829860   11.579963017
    5.395855856    3.978334699    3.978334805   12.170993982
    5.405864865    3.634430793    3.634430954   12.607477418
    5.415873874    3.303400681    3.303400903   12.859607794
    5.425882883    3.009668424    3.009668670   12.909934166
    5.435891892    2.771706029    2.771706257   12.793378259
    5.445900901    2.595490154    2.595490340   12.610869276
    5.455909910    2.475204370    2.475204505   12.468432125
    5.465918919    2.400014858    2.400014940   12.390366309
    5.475927928    2.361659549    2.361659575   12.310408627
    5.485936937    2.357093587    2.357093545   12.155483857
    5.495945946    2.386449193    2.386449070   11.916356499
    5.505954955    2.452386524    2.452386312   11.627659275
    5.515963964    2.560163856    2.560163555   11.313716056
    5.525972973    2.712378853    2.712378474   10.973582959
    5.535981982    2.899828153    2.899827723   10.604551067
    5.545990991    3.097497644    3.097497208   10.226321842
    5.556000000    3.273504109    3.273503726    9.873001490
    5.566009009    3.406321230    3.406320954    9.569236782
    5.576018018    3.493466477    3.493466334    9.332178293
    5.586027027    3.547491548    3.547491530    9.185763892
    5.596036036    3.590939581    3.590939652    9.147899598
    5.606045045    3.651502744    3.651502848    9.196806078
    5.616054054    3.749839953    3.749840042    9.260753237
    5.626063063    3.887062983    3.887063031    9.253613665
    5.636072072    4.044646690    4.044646691    9.130966773
    5.646081081    4.198344656    4.198344607    8.919838648
    5.656090090    4.338647851    4.338647743    8.692817892
    5.666099099    4.478191653    4.478191466    8.516283600
    5.676108108    4.631762972    4.631762682    8.420596542
    5.686117117    4.793217069    4.793216665    8.398824190
    5.696126126    4.940592333    4.940591850    8.421765512
    5.706135135    5.054639604    5.054639127    8.445626820
    5.716144144    5.120157333    5.120156965    8.407605891
    5.726153153    5.119525345    5.119525164    8.250031069
    5.736162162    5.041911514    5.041911543    7.970333864
    5.746171171    4.900090396    4.900090582    7.630156807
    5.756180180    4.725663809    4.725664046    7.306825674
    5.766189189    4.542993824    4.542994008    7.040975776
    5.776198198    4.358435855    4.358435935    6.820287522
    5.786207207    4.173617711    4.173617694    6.597632496
    5.796216216    3.993960613    3.993960533    6.331339346
    5.806225225    3.821746860    3.821746748    6.022591353
    5.816234234    3.649813526    3.649813403    5.714114712
    5.826243243    3.469647411    3.469647285    5.452739664
    5.836252252    3.285253374    3.285253245    5.257910443
    5.846261261    3.114180730    3.114180589    5.121798895
    5.856270270    2.977441764    2.977441604    5.026461488
    5.866279279    2.889656591    2.889656413    4.949689100
    5.876288288    2.853668528    2.853668340    4.864126097
    5.886297297    2.862316447    2.862316269    4.755189819
    5.896306306    2.906515572    2.906515428    4.644044404
    5.906315315    2.982347059    2.982346966    4.579187161
    5.916324324    3.091955054    3.091955000    4.603820663
    5.926333333    3.238105785    3.238105733    4.730912099
    5.936342342    3.415016518    3.415016430    4.932949302
    5.946351351    3.604308037    3.604307902    5.143897296
    5.956360360    3.780246862    3.780246711    5.282428132
    5.966369369    3.917602759    3.917602655    5.291738290
    5.976378378    3.998681503    3.998681495    5.162917154
    5.986387387    4.019620196    4.019620299    4.927432815
    5.996396396    3.989837450    3.989837658    4.633703009
    6.006405405    3.921837344    3.921837643    4.323057603
    6.016414414    3.824020664    3.824021013    4.021679332
    6.026423423    3.702970716    3.702971047    3.748273426
    6.036432432    3.567294367    3.567294622    3.521457314
    6.046441441    3.431856126    3.431856292    3.359486823
    6.056450450    3.317533921    3.317534011    3.275439597
    6.066459459    3.241785690    3.241785725    3.272641163
    6.076468468    3.211540956    3.211540959    3.340629544
    6.086477477    3.226543245    3.226543247    3.451310534
    6.096486486    3.284277512    3.284277547    3.562028405
    6.106495495    3.378443185    3.378443270    3.633983405
    6.116504505    3.494781370    3.494781489    3.655921426
    6.126513514    3.608360541    3.608360659    3.647290204
    6.136522523    3.688544150    3.688544245    3.639351351
    6.146531532    3.715081473    3.715081555    3.658261494
    6.156540541    3.690087491    3.690087596    3.718312121
    6.166549550    3.635466040    3.635466197    3.814373519
    6.176558559    3.585210609    3.585210817    3.915257361
    6.186567568    3.573616296    3.573616528    3.973518924
    6.196576577    3.617781367    3.617781596    3.951206550
    6.206585586    3.707359488    3.707359688    3.842288473
    6.216594595    3.812210824    3.812210978    3.678220964
    6.226603604    3.902937303    3.902937405    3.512799366
    6.236612613    3.965268343    3.965268404    3.394709055
    6.246621622    3.998351454    3.998351498    3.350355207
    6.256630631    4.009405237    4.009405286    3.385683208
    6.266639640    4.012454902    4.012454965    3.494396301
    6.276648649    4.024720206    4.024720287    3.657867193
    6.286657658    4.057496575    4.057496675    3.838652907
    6.296666667    4.106006067    4.106006186    3.985942440
    6.306675676    4.145170070    4.145170195    4.058607765
    6.316684685    4.139799584    4.139799679    4.043458010
    6.326693694    4.067878980    4.067879000    3.952924880
    6.336702703    3.935831983    3.935831905    3.813691677
    6.346711712    3.769856771    3.769856619    3.655150036
    6.356720721    3.594068952    3.594068775    3.499140405
    6.366729730    3.419764015    3.419763865    3.353445704
    6.376738739    3.251233667    3.251233586    3.210168541
    6.386747748    3.091821978    3.091821992    3.055071494
    6.396756757    2.946618260    2.946618369    2.882370834
    6.406765766    2.825084455    2.825084632    2.696906312
    6.416774775    2.738213518    2.738213726    2.504295776
    6.426783784    2.691051956    2.691052164    2.308724223
    6.436792793    2.677248533    2.677248720    2.120082121
    6.446801802    2.681648530    2.681648676    1.953256403
    6.456810811    2.691553093    2.691553184    1.818875346
    6.466819820    2.703501761    2.703501794    1.717741781
    6.476828829    2.715458555    2.715458538    1.642095258
    6.486837838    2.717241098    2.717241040    1.580424486
    6.496846847    2.695232534    2.695232440    1.523146975
    6.506855856    2.645324363    2.645324252    1.467316988
    6.516864865    2.576934163    2.576934076    1.417743958
    6.526873874    2.503808829    2.503808819    1.382882773
    6.536882883    2.433805970    2.433806067    1.369385035
    6.546891892    2.367341236    2.367341432    1.379505170
    6.556900901    2.299046593    2.299046840    1.410808741
    6.566909910    2.217642680    2.217642913    1.457068157
    6.576918919    2.109210535    2.109210701    1.511517927
    6.586927928    1.969192075    1.969192158    1.572114676
    6.596936937    1.811332956    1.811332976    1.643480526
    6.606945946    1.659282084    1.659282072    1.731909613
    6.616954955    1.531984824    1.531984802    1.837408702
    6.626963964    1.438394869    1.438394848    1.950202984
    6.636972973    1.380128828    1.380128814    2.057883124
    6.646981982    1.355106180    1.355106177    2.159554285
    6.656990991    1.359313901    1.359313919    2.269325310
    6.667000000    1.387263618    1.387263672    2.401161385
    6.677009009    1.433018166    1.433018271    2.551332376
    6.687018018    1.493223059    1.493223225    2.695808978
    6.697027027    1.570978115    1.570978342    2.805000739
    6.707036036    1.676548422    1.676548705    2.860823082
    6.717045045    1.822999300    1.822999635    2.858655442
    6.727054054    2.019755212    2.019755593    2.802105100
    6.737063063    2.265848647    2.265849053    2.705839536
    6.747072072    2.541549925    2.541550309    2.596502642
    6.757081081    2.801707524    2.801707813    2.501948200
    6.767090090    2.984450714    2.984450845    2.441818218
    6.777099099    3.045000514    3.045000481    2.427727924
    6.787108108    2.988467334    2.988467191    2.464316153
    6.797117117    2.858510939    2.858510753    2.545380151
    6.807126126    2.694953178    2.694952994    2.651797435
    6.817135135    2.514101802    2.514101637    2.758442653
    6.827144144    2.324530093    2.324529959    2.845504433
    6.837153153    2.144262155    2.144262062    2.901421412
    6.847162162    1.996390582    1.996390537    2.917931120
    6.857171171    1.896796652    1.896796658    2.891300937
    6.867180180    1.849493804    1.849493854    2.825044559
    6.877189189    1.847676872    1.847676958    2.723590413
    6.887198198    1.875160955    1.875161060    2.592557938
    6.897207207    1.908380558    1.908380659    2.449427044
    6.907216216    1.921887925    1.921887992    2.322014809
    6.917225225    1.898264172    1.898264185    2.233057697
    6.927234234    1.838623614    1.838623580    2.189435068
    6.937243243    1.763128891    1.763128838    2.182641144
    6.947252252    1.697328700    1.697328661    2.198066924
    6.957261261    1.658450017    1.658450017    2.228694400
    6.967270270    1.653050679    1.653050729    2.280969725
    6.977279279    1.682119860    1.682119966    2.364918113
    6.987288288    1.745325133    1.745325295    2.479688588
    6.997297297    1.840660334    1.840660545    2.609473560
    7.007306306    1.961404025    1.961404273    2.733826459
    7.017315315    2.094222930    2.094223190    2.842338578
    7.027324324    2.219715647    2.219715886    2.934320575
    7.037333333    2.313462014    2.313462191    3.004006834
    7.047342342    2.348485435    2.348485509    3.037892175
    7.057351351    2.306277320    2.306277272    3.029578401
    7.067360360    2.193849536    2.193849393    2.986731487
    7.077369369    2.044131156    2.044130973    2.923716354
    7.087378378    1.894485589    1.894485414    2.855605263
    7.097387387    1.769047453    1.769047310    2.795772943
    7.107396396    1.677351041    1.677350936    2.751493010
    7.117405405    1.620102013    1.620101944    2.722663771
    7.127414414    1.594258650    1.594258612    2.707260266
    7.137423423    1.594256864    1.594256853    2.705490070
    7.147432432    1.608193589    1.608193594    2.717873291
    7.157441441    1.614835274    1.614835280    2.743253332
    7.167450450    1.590576907    1.590576894    2.779091167
    7.177459459    1.524708142    1.524708099    2.816709227
    7.187468468    1.427614879    1.427614814    2.834721865
    7.197477477    1.322183447    1.322183376    2.804936684
    7.207486486    1.228873938    1.228873875    2.709752223
    7.217495495    1.158559578    1.158559532    2.555159629
    7.227504505    1.113694797    1.113694771    2.368409238
    7.237513514    1.091973642    1.091973639    2.181297638
    7.247522523    1.089484592    1.089484612    2.012645938
    7.257531532    1.103060754    1.103060795    1.863988635
    7.267540541    1.131494547    1.131494602    1.729172854
    7.277549550    1.174986932    1.174986989    1.606349318
    7.287558559    1.233858109    1.233858152    1.500814096
    7.297567568    1.308034094    1.308034113    1.419255250
    7.307576577    1.396153438    1.396153433    1.363821016
    7.317585586    1.492193675    1.492193643    1.329919110
    7.327594595    1.583248771    1.583248708    1.307091762
    7.337603604    1.654847360    1.654847267    1.283622842
    7.347612613    1.699686851    1.699686739    1.254165043
    7.357621622    1.719397046    1.719396927    1.223265099
    7.367630631    1.721683489    1.721683377    1.200574803
    7.377639640    1.719012263    1.719012169    1.194434536
    7.387648649    1.724839580    1.724839511    1.209869280
    7.397657658    1.747513608    1.747513570    1.249832533
    7.407666667    1.788008466    1.788008457    1.316885886
    7.417675676    1.841676474    1.841676488    1.414058859
    7.427684685    1.898904501    1.898904525    1.544727257
    7.437693694    1.944808475    1.944808491    1.711479989
    7.447702703    1.965494777    1.965494770    1.913230659
    7.457711712    1.958599268    1.958599233    2.140490182
    7.467720721    1.934444063    1.934444008    2.372895937
    7.477729730    1.907590037    1.907589974    2.585752947
    7.487738739    1.890649616    1.890649560    2.764444177
    7.497747748    1.890634265    1.890634227    2.912234232
    7.507756757    1.904066280    1.904066261    3.039071540
    7.517765766    1.916935658    1.916935652    3.143812430
    7.527774775    1.915890963    1.915890964    3.216661091
    7.537783784    1.902678013    1.902678022    3.259342682
    7.547792793    1.894647210    1.894647231    3.291662547
    7.557801802    1.910465270    1.910465302    3.334232235
    7.567810811    1.955613905    1.955613939    3.388511937
    7.577819820    2.015205859    2.015205877    3.435838735
    7.587828829    2.056732570    2.056732560    3.452798053
    7.597837838    2.047747830    2.047747791    3.421470510
    7.607846847    1.980098719    1.980098657    3.332561192
    7.617855856    1.874952268    1.874952182    3.191889210
    7.627864865    1.764062652    1.764062539    3.018887371
    7.637873874    1.672839964    1.672839830    2.836346681
    7.647882883    1.616588576    1.616588437    2.666944645
    7.657891892    1.601278474    1.601278343    2.530387096
    7.667900901    1.623842449    1.623842334    2.434424000
    7.677909910    1.672500288    1.672500189    2.370640428
    7.687918919    1.728929920    1.728929838    2.322780560
    7.697927928    1.774862468    1.774862400    2.281217319
    7.707936937    1.800782880    1.800782823    2.248188785
    7.717945946    1.807729972    1.807729923    2.229983264
    7.727954955    1.798968793    1.798968756    2.230142300
    7.737963964    1.772093098    1.772093077    2.251431164
    7.747972973    1.721648193    1.721648192    2.298405688
    7.757981982    1.647499948    1.647499966    2.373088797
    7.767990991    1.558192512    1.558192542    2.469529624
    7.778000000    1.465654304    1.465654340    2.577785183
    7.788009009    1.376403244    1.376403280    2.694229047
    7.798018018    1.288754111    1.288754148    2.822059133
    7.808027027    1.198395053    1.198395092    2.961120134
    7.818036036    1.105369241    1.105369279    3.105883990
    7.828045045    1.014602839    1.014602872    3.254216689
    7.838054054    0.930468146    0.930468168    3.408185154
    7.848063063    0.853680554    0.853680562    3.563733050
    7.858072072    0.783617954    0.783617951    3.704822600
    7.868081081    0.720932642    0.720932635    3.811450414
    7.878090090    0.666980180    0.666980173    3.877364185
    7.888099099    0.622286719    0.622286717    3.917051572
    7.898108108    0.586506636    0.586506639    3.948345728
    7.908117117    0.559295295    0.559295305    3.967692497
    7.918126126    0.540680871    0.540680884    3.949996512
    7.928135135    0.530950935    0.530950952    3.878134051
    7.938144144    0.530644809    0.530644830    3.763913760
    7.948153153    0.540553270    0.540553295    3.633741538
    7.958162162    0.561422792    0.561422820    3.504217067
    7.968171171    0.593324541    0.593324573    3.377738132
    7.978180180    0.634694164    0.634694197    3.256145998
    7.988189189    0.681195835    0.681195866    3.151134089
    7.998198198    0.725238498    0.725238518    3.079508581
    8.008207207    0.757783868    0.757783869    3.050417188
    8.018216216    0.772495100    0.772495080    3.056809410
    8.028225225    0.768407005    0.768406971    3.080646380
    8.038234234    0.749200682    0.749200647    3.108785773
    8.048243243    0.721915223    0.721915194    3.141402776
    8.058252252    0.695077089    0.695077069    3.185970793
    8.068261261    0.675120704    0.675120691    3.251102759
    8.078270270    0.663884340    0.663884333    3.347654059
    8.088279279    0.659245112    0.659245110    3.489833647
    8.098288288    0.657729084    0.657729092    3.690941379
    8.108297297    0.656928456    0.656928473    3.955288878
    8.118306306    0.656520511    0.656520535    4.269032512
    8.128315315    0.658105179    0.658105206    4.598292318
    8.138324324    0.664702041    0.664702067    4.902490893
    8.148333333    0.679924007    0.679924031    5.152830987
    8.158342342    0.706424927    0.706424952    5.337492958
    8.168351351    0.744228270    0.744228298    5.448291862
    8.178360360    0.790213095    0.790213129    5.463234141
    8.188369369    0.839845118    0.839845160    5.350649332
    8.198378378    0.889926737    0.889926788    5.099969417
    8.208387387    0.938326901    0.938326958    4.747693280
    8.218396396    0.980583280    0.980583345    4.362243456
    8.228405405    1.009926489    1.009926559    3.999520810
    8.238414414    1.023218994    1.023219064    3.677574224
    8.248423423    1.024964762    1.024964825    3.389905547
    8.258432432    1.022965183    1.022965229    3.132938229
    8.268441441    1.021939250    1.021939277    2.914862052
    8.278450450    1.022809373    1.022809387    2.745615093
    8.288459459    1.025267765    1.025267775    2.630029130
    8.298468468    1.028227668    1.028227676    2.569973319
    8.308477477    1.028018837    1.028018842    2.566261770
    8.318486486    1.018917297    1.018917298    2.616174420
    8.328495495    0.997151398    0.997151392    2.710333902
    8.338504505    0.963276104    0.963276084    2.833242835
    8.348513514    0.920707531    0.920707485    2.969000302
    8.358522523    0.874032381    0.874032307    3.104815074
    8.368531532    0.828687857    0.828687767    3.224033845
    8.378540541    0.790319708    0.790319618    3.303031960
    8.388549550    0.763460147    0.763460070    3.327023618
    8.398558559    0.750121304    0.750121248    3.303746836
    8.408567568    0.748643504    0.748643473    3.253224169
    8.418576577    0.753993997    0.753993990    3.190176927
    8.428585586    0.760677049    0.760677059    3.119951735
    8.438594595    0.766313643    0.766313662    3.043418445
    8.448603604    0.771803057    0.771803078    2.960721761
    8.458612613    0.777961634    0.777961654    2.875543881
    8.468621622    0.782774631    0.782774647    2.798959328
    8.478630631    0.781908724    0.781908735    2.744644331
    8.488639640    0.771979876    0.771979882    2.717182393
    8.498648649    0.753745245    0.753745251    2.709118617
    8.508657658    0.731442211    0.731442215    2.713738883
    8.518666667    0.709390372    0.709390371    2.737525844
    8.528675676    0.690944201    0.690944190    2.794660740
    8.538684685    0.679887923    0.679887907    2.892904470
    8.548693694    0.680198623    0.680198608    3.029715960
    8.558702703    0.693555947    0.693555937    3.197037510
    8.568711712    0.716878167    0.716878165    3.381069168
    8.578720721    0.741454513    0.741454516    3.558179469
    8.588729730    0.755691623    0.755691633    3.698521440
    8.598738739    0.752404645    0.752404665    3.776732443
    8.608747748    0.734743836    0.734743867    3.782568041
    8.618756757    0.713367846    0.713367890    3.724410266
    8.628765766    0.698735771    0.698735826    3.617368889
    8.638774775    0.697089268    0.697089332    3.466151293
    8.648783784    0.710939585    0.710939657    3.267838632
    8.658792793    0.739840443    0.739840521    3.030975753
    8.668801802    0.779111798    0.779111872    2.781561396
    8.678810811    0.818182136    0.818182189    2.547011416
    8.688819820    0.842701046    0.842701063    2.338598674
    8.698828829    0.842463917    0.842463901    2.151888401
    8.708837838    0.819070505    0.819070470    1.981265821
    8.718846847    0.784496198    0.784496164    1.829482012
    8.728855856    0.752569337    0.752569318    1.704033941
    8.738864865    0.732407181    0.732407182    1.610024563
    8.748873874    0.727024655    0.727024676    1.547313376
    8.758882883    0.734937058    0.734937098    1.510739859
    8.768891892    0.753158855    0.753158913    1.491294620
    8.778900901    0.780594050    0.780594128    1.479672298
    8.788909910    0.819056279    0.819056379    1.471823881
    8.798918919    0.870539271    0.870539391    1.470141129
    8.808927928    0.933772273    0.933772403    1.478483950
    8.818936937    1.003684457    1.003684586    1.497875854
    8.828945946    1.074768910    1.074769032    1.525056961
    8.838954955    1.144707877    1.144708001    1.551278231
    8.848963964    1.212331056    1.212331188    1.564227450
    8.858972973    1.272024265    1.272024396    1.555433557
    8.868981982    1.313372466    1.313372573    1.524331667
    8.878990991    1.327571138    1.327571193    1.474107999
    8.889000000    1.312553910    1.312553897    1.409686829
    8.899009009    1.273446853    1.273446778    1.340464345
    8.909018018    1.221755726    1.221755620    1.278782882
    8.919027027    1.171789383    1.171789281    1.234948100
    8.929036036    1.134711779    1.134711703    1.215375290
    8.939045045    1.115449467    1.115449423    1.223773879
    8.949054054    1.113896619    1.113896606    1.262442971
    8.959063063    1.127837068    1.127837085    1.332585002
    8.969072072    1.153528084    1.153528127    1.433895806
    8.979081081    1.182937901    1.182937960    1.563893882
    8.989090090    1.203262997    1.203263056    1.716254465
    8.999099099    1.204721278    1.204721332    1.876551442
    9.009108108    1.190278014    1.190278069    2.018935330
    9.019117117    1.173408590    1.173408663    2.113893144
    9.029126126    1.166133878    1.166133979    2.147713306
    9.039135135    1.171583280    1.171583402    2.132942352
    9.049144144    1.185148543    1.185148667    2.093825788
    9.059153153    1.198455466    1.198455555    2.044283854
    9.069162162    1.202775850    1.202775872    1.984342935
    9.079171171    1.194339728    1.194339675    1.912941060
    9.089180180    1.178932500    1.178932399    1.837399096
    9.099189189    1.168240974    1.168240859    1.771968855
    9.109198198    1.172091367    1.172091262    1.730662730
    9.119207207    1.195885524    1.195885443    1.719354971
    9.129216216    1.241848933    1.241848883    1.731479118
    9.139225225    1.308448202    1.308448190    1.750646028
    9.149234234    1.389178951    1.389178979    1.759765780
    9.159243243    1.474581145    1.474581205    1.749553499
    9.169252252    1.554885876    1.554885949    1.719100771
    9.179261261    1.618589696    1.618589750    1.672700441
    9.189270270    1.652710649    1.652710655    1.619949644
    9.199279279    1.651812448    1.651812401    1.574595877
    9.209288288    1.624599431    1.624599349    1.547574466
    9.219297297    1.585633741    1.585633649    1.540163857
    9.229306306    1.543307903    1.543307813    1.543648195
    9.239315315    1.500053237    1.500053156    1.546841453
    9.249324324    1.459543293    1.459543227    1.546281447
    9.259333333    1.426662924    1.426662879    1.548610435
    9.269342342    1.400974920    1.400974896    1.564091616
    9.279351351    1.374562761    1.374562749    1.600652125
    9.289360360    1.338959486    1.338959481    1.661511057
    9.299369369    1.294460457    1.294460457    1.744026637
    9.309378378    1.251476815    1.251476829    1.840737127
    9.319387387    1.223936419    1.223936458    1.945107258
    9.329396396    1.223211062    1.223211136    2.059293132
    9.339405405    1.256038273    1.256038387    2.195087931
    9.349414414    1.323766644    1.323766801    2.366152217
    9.359423423    1.420546487    1.420546674    2.579557033
    9.369432432    1.531104390    1.531104580    2.829155341
    9.379441441    1.632234359    1.632234517    3.088599868
    9.389450450    1.701109407    1.701109501    3.313013127
    9.399459459    1.724691520    1.724691531    3.460246206
    9.409468468    1.702779953    1.702779886    3.514097333
    9.419477477    1.646368703    1.646368584    3.482911734
    9.429486486    1.573862001    1.573861866    3.388501552
    9.439495495    1.505629760    1.505629640    3.264596549
    9.449504505    1.458498888    1.458498804    3.149650680
    9.459513514    1.441750453    1.441750410    3.071358509
    9.469522523    1.455124544    1.455124538    3.039493221
    9.479531532    1.487701444    1.487701457    3.049472875
    9.489540541    1.518711260    1.518711269    3.088229015
    9.499549550    1.525566250    1.525566237    3.139620725
    9.509558559    1.497754946    1.497754910    3.192876372
    9.519567568    1.442933964    1.442933916    3.250554311
    9.529576577    1.378556293    1.378556244    3.326250530
    9.539585586    1.319893054    1.319893010    3.435134510
    9.549594595    1.275279520    1.275279484    3.586922218
    9.559603604    1.247135435    1.247135413    3.782975707
    9.569612613    1.234132925    1.234132919    4.015917888
    9.579621622    1.234683131    1.234683147    4.272756045
    9.589630631    1.250754633    1.250754682    4.539064948
    9.599639640    1.288234938    1.288235024    4.793677419
    9.609648649    1.353034185    1.353034308    4.999364635
    9.619657658    1.445803268    1.445803417    5.111324687
    9.629666667    1.557546123    1.557546268    5.099397481
    9.639675676    1.668689615    1.668689718    4.963250193
    9.649684685    1.756772753    1.756772787    4.735905021
    9.659693694    1.809609682    1.809609650    4.474708901
    9.669702703    1.827664413    1.827664335    4.240348826
    9.679711712    1.814035819    1.814035712    4.076406663
    9.689720721    1.770592725    1.770592600    4.000804926
    9.699729730    1.703446622    1.703446491    4.007098852
    9.709738739    1.625614084    1.625613962    4.067713312
    9.719747748    1.552966352    1.552966256    4.138673780
    9.729756757    1.498690196    1.498690135    4.172492742
    9.739765766    1.471196116    1.471196094    4.138927004
    9.749774775    1.473505510    1.473505523    4.042896029
    9.759783784    1.499875310    1.499875340    3.922176615
    9.769792793    1.532155847    1.532155867    3.818933392
    9.779801802    1.543434376    1.543434357    3.752647917
    9.789810811    1.512614217    1.512614144    3.721009525
    9.799819820    1.439431815    1.439431699    3.717368294
    9.809828829    1.342559924    1.342559791    3.739185976
    9.819837838    1.243603834    1.243603705    3.786198866
    9.829846847    1.156121008    1.156120897    3.856764244
    9.839855856    1.085667610    1.085667522    3.939553240
    9.849864865    1.033048405    1.033048336    4.007275989
    9.859873874    0.995526596    0.995526542    4.023836361
    9.869882883    0.967954393    0.967954351    3.961555370
    9.879891892    0.946144108    0.946144077    3.816250542
    9.889900901    0.930092934    0.930092913    3.607927354
    9.899909910    0.923530888    0.923530877    3.369572510
    9.909918919    0.930617739    0.930617739    3.135975833
    9.919927928    0.953054057    0.953054066    2.935111654
    9.929936937    0.988622470    0.988622485    2.783604008
    9.939945946    1.030734695    1.030734709    2.687484987
    9.949954955    1.069991276    1.069991283    2.643355713
    9.959963964    1.098582639    1.098582634    2.637118081
    9.969972973    1.114784373    1.114784360    2.643489993
    9.979981982    1.123272212    1.123272198    2.633779081
    9.989990991    1.130872786    1.130872779    2.592782536
   10.000000000    1.142943570    1.142943576    2.527614438
