# energy grid [eV]     epsr_x  epsr_y  epsr_z
# plasmon frequences [eV]:     9.527648031    9.527648024    9.893346702
    0.001000000    6.935781970    6.935781879    3.992071002
    0.011009009    6.935852151    6.935852061    3.992081694
    0.021018018    6.936039330    6.936039239    3.992110212
    0.031027027    6.936343541    6.936343450    3.992156555
    0.041036036    6.936764841    6.936764750    3.992220727
    0.051045045    6.937303309    6.937303218    3.992302730
    0.061054054    6.937959045    6.937958954    3.992402570
    0.071063063    6.938732172    6.938732081    3.992520250
    0.081072072    6.939622833    6.939622742    3.992655778
    0.091081081    6.940631194    6.940631104    3.992809160
    0.101090090    6.941757446    6.941757355    3.992980404
    0.111099099    6.943001798    6.943001707    3.993169520
    0.121108108    6.944364483    6.944364392    3.993376516
    0.131117117    6.945845758    6.945845667    3.993601404
    0.141126126    6.947445901    6.947445810    3.993844195
    0.151135135    6.949165214    6.949165123    3.994104902
    0.161144144    6.951004021    6.951003930    3.994383538
    0.171153153    6.952962671    6.952962580    3.994680119
    0.181162162    6.955041534    6.955041443    3.994994658
    0.191171171    6.957241006    6.957240915    3.995327174
    0.201180180    6.959561506    6.959561415    3.995677683
    0.211189189    6.962003478    6.962003386    3.996046202
    0.221198198    6.964567388    6.964567297    3.996432753
    0.231207207    6.967253731    6.967253640    3.996837354
    0.241216216    6.970063024    6.970062933    3.997260027
    0.251225225    6.972995810    6.972995719    3.997700794
    0.261234234    6.976052659    6.976052568    3.998159679
    0.271243243    6.979234166    6.979234074    3.998636704
    0.281252252    6.982540952    6.982540861    3.999131896
    0.291261261    6.985973668    6.985973576    3.999645279
    0.301270270    6.989532988    6.989532896    4.000176882
    0.311279279    6.993219618    6.993219526    4.000726732
    0.321288288    6.997034289    6.997034197    4.001294858
    0.331297297    7.000977764    7.000977672    4.001881291
    0.341306306    7.005050832    7.005050740    4.002486060
    0.351315315    7.009254315    7.009254223    4.003109198
    0.361324324    7.013589063    7.013588971    4.003750739
    0.371333333    7.018055958    7.018055866    4.004410716
    0.381342342    7.022655915    7.022655823    4.005089164
    0.391351351    7.027389878    7.027389786    4.005786119
    0.401360360    7.032258828    7.032258736    4.006501619
    0.411369369    7.037263776    7.037263684    4.007235701
    0.421378378    7.042405770    7.042405678    4.007988406
    0.431387387    7.047685892    7.047685800    4.008759772
    0.441396396    7.053105260    7.053105167    4.009549842
    0.451405405    7.058665029    7.058664936    4.010358658
    0.461414414    7.064366392    7.064366299    4.011186264
    0.471423423    7.070210580    7.070210487    4.012032704
    0.481432432    7.076198864    7.076198772    4.012898024
    0.491441441    7.082332556    7.082332464    4.013782270
    0.501450450    7.088613009    7.088612916    4.014685491
    0.511459459    7.095041618    7.095041525    4.015607736
    0.521468468    7.101619823    7.101619730    4.016549055
    0.531477477    7.108349108    7.108349015    4.017509500
    0.541486486    7.115231005    7.115230912    4.018489122
    0.551495495    7.122267091    7.122266998    4.019487976
    0.561504505    7.129458993    7.129458900    4.020506116
    0.571513514    7.136808390    7.136808296    4.021543599
    0.581522523    7.144317010    7.144316916    4.022600481
    0.591531532    7.151986634    7.151986541    4.023676821
    0.601540541    7.159819102    7.159819008    4.024772680
    0.611549550    7.167816306    7.167816212    4.025888116
    0.621558559    7.175980198    7.175980104    4.027023194
    0.631567568    7.184312791    7.184312697    4.028177976
    0.641576577    7.192816159    7.192816065    4.029352526
    0.651585586    7.201492441    7.201492346    4.030546912
    0.661594595    7.210343840    7.210343745    4.031761199
    0.671603604    7.219372630    7.219372535    4.032995457
    0.681612613    7.228581154    7.228581059    4.034249755
    0.691621622    7.237971830    7.237971735    4.035524164
    0.701630631    7.247547149    7.247547053    4.036818757
    0.711639640    7.257309682    7.257309586    4.038133608
    0.721648649    7.267262081    7.267261985    4.039468793
    0.731657658    7.277407082    7.277406986    4.040824387
    0.741666667    7.287747508    7.287747412    4.042200468
    0.751675676    7.298286272    7.298286176    4.043597117
    0.761684685    7.309026382    7.309026286    4.045014414
    0.771693694    7.319970943    7.319970847    4.046452442
    0.781702703    7.331123160    7.331123063    4.047911284
    0.791711712    7.342486344    7.342486247    4.049391025
    0.801720721    7.354063915    7.354063818    4.050891753
    0.811729730    7.365859408    7.365859311    4.052413556
    0.821738739    7.377876474    7.377876377    4.053956523
    0.831747748    7.390118891    7.390118793    4.055520747
    0.841756757    7.402590561    7.402590463    4.057106320
    0.851765766    7.415295522    7.415295425    4.058713337
    0.861774775    7.428237954    7.428237856    4.060341894
    0.871783784    7.441422179    7.441422081    4.061992090
    0.881792793    7.454852673    7.454852575    4.063664023
    0.891801802    7.468534072    7.468533973    4.065357795
    0.901810811    7.482471177    7.482471078    4.067073509
    0.911819820    7.496668963    7.496668865    4.068811270
    0.921828829    7.511132590    7.511132491    4.070571185
    0.931837838    7.525867405    7.525867306    4.072353361
    0.941846847    7.540878958    7.540878859    4.074157909
    0.951855856    7.556173008    7.556172908    4.075984941
    0.961864865    7.571755535    7.571755435    4.077834570
    0.971873874    7.587632749    7.587632648    4.079706913
    0.981882883    7.603811104    7.603811004    4.081602087
    0.991891892    7.620297312    7.620297211    4.083520211
    1.001900901    7.637098351    7.637098250    4.085461407
    1.011909910    7.654221486    7.654221384    4.087425798
    1.021918919    7.671674278    7.671674177    4.089413511
    1.031927928    7.689464607    7.689464505    4.091424673
    1.041936937    7.707600684    7.707600582    4.093459414
    1.051945946    7.726091073    7.726090970    4.095517865
    1.061954955    7.744944711    7.744944608    4.097600161
    1.071963964    7.764170929    7.764170826    4.099706437
    1.081972973    7.783779475    7.783779372    4.101836833
    1.091981982    7.803780543    7.803780440    4.103991489
    1.101990991    7.824184796    7.824184692    4.106170549
    1.112000000    7.845003394    7.845003290    4.108374157
    1.122009009    7.866248034    7.866247930    4.110602461
    1.132018018    7.887930976    7.887930871    4.112855613
    1.142027027    7.910065082    7.910064977    4.115133763
    1.152036036    7.932663862    7.932663756    4.117437069
    1.162045045    7.955741508    7.955741402    4.119765687
    1.172054054    7.979312952    7.979312845    4.122119778
    1.182063063    8.003393909    8.003393802    4.124499504
    1.192072072    8.028000940    8.028000833    4.126905032
    1.202081081    8.053151510    8.053151402    4.129336530
    1.212090090    8.078864055    8.078863947    4.131794170
    1.222099099    8.105158060    8.105157952    4.134278124
    1.232108108    8.132054134    8.132054025    4.136788571
    1.242117117    8.159574103    8.159573994    4.139325690
    1.252126126    8.187741106    8.187740997    4.141889664
    1.262135135    8.216579703    8.216579592    4.144480678
    1.272144144    8.246115991    8.246115880    4.147098923
    1.282153153    8.276377739    8.276377628    4.149744590
    1.292162162    8.307394532    8.307394421    4.152417874
    1.302171171    8.339197930    8.339197818    4.155118975
    1.312180180    8.371821647    8.371821534    4.157848094
    1.322189189    8.405301753    8.405301640    4.160605437
    1.332198198    8.439676892    8.439676778    4.163391213
    1.342207207    8.474988533    8.474988418    4.166205634
    1.352216216    8.511281247    8.511281132    4.169048917
    1.362225225    8.548603020    8.548602904    4.171921281
    1.372234234    8.587005601    8.587005484    4.174822951
    1.382243243    8.626544900    8.626544783    4.177754153
    1.392252252    8.667281434    8.667281317    4.180715119
    1.402261261    8.709280834    8.709280716    4.183706085
    1.412270270    8.752614416    8.752614297    4.186727290
    1.422279279    8.797359835    8.797359716    4.189778978
    1.432288288    8.843601831    8.843601710    4.192861397
    1.442297297    8.891433074    8.891432952    4.195974799
    1.452306306    8.940955138    8.940955016    4.199119442
    1.462315315    8.992279619    8.992279496    4.202295586
    1.472324324    9.045529410    9.045529286    4.205503498
    1.482333333    9.100840180    9.100840055    4.208743450
    1.492342342    9.158362068    9.158361942    4.212015716
    1.502351351    9.218261643    9.218261516    4.215320577
    1.512360360    9.280724161    9.280724033    4.218658320
    1.522369369    9.345956162    9.345956033    4.222029236
    1.532378378    9.414188464    9.414188334    4.225433621
    1.542387387    9.485679580    9.485679449    4.228871777
    1.552396396    9.560719610    9.560719477    4.232344012
    1.562405405    9.639634604    9.639634470    4.235850638
    1.572414414    9.722791385    9.722791249    4.239391977
    1.582423423    9.810602689    9.810602552    4.242968352
    1.592432432    9.903532363    9.903532225    4.246580095
    1.602441441   10.002100049   10.002099909    4.250227544
    1.612450450   10.106884286   10.106884145    4.253911043
    1.622459459   10.218522076   10.218521933    4.257630943
    1.632468468   10.337701353   10.337701208    4.261387603
    1.642477477   10.465140015   10.465139868    4.265181387
    1.652486486   10.601540157   10.601540007    4.269012666
    1.662495495   10.747497176   10.747497024    4.272881821
    1.672504505   10.903327370   10.903327216    4.276789238
    1.682513514   11.068748977   11.068748820    4.280735312
    1.692522523   11.242301249   11.242301089    4.284720446
    1.702531532   11.420301560   11.420301397    4.288745051
    1.712540541   11.595012660   11.595012494    4.292809546
    1.722549550   11.751551686   11.751551518    4.296914360
    1.732558559   11.863117990   11.863117819    4.301059929
    1.742567568   11.885060396   11.885060223    4.305246701
    1.752576577   11.751898219   11.751898046    4.309475129
    1.762585586   11.389447475   11.389447305    4.313745681
    1.772594595   10.759738828   10.759738662    4.318058831
    1.782603604    9.929278250    9.929278090    4.322415066
    1.792612613    9.082327014    9.082326860    4.326814881
    1.802621622    8.416731986    8.416731835    4.331258784
    1.812630631    8.024019089    8.024018939    4.335747294
    1.822639640    7.881239395    7.881239243    4.340280941
    1.832648649    7.916711769    7.916711613    4.344860268
    1.842657658    8.061907978    8.061907817    4.349485828
    1.852666667    8.268552165    8.268551998    4.354158190
    1.862675676    8.507217905    8.507217731    4.358877935
    1.872684685    8.761353838    8.761353657    4.363645656
    1.882693694    9.021996973    9.021996786    4.368461962
    1.892702703    9.284030608    9.284030415    4.373327476
    1.902711712    9.543514418    9.543514220    4.378242836
    1.912720721    9.795393392    9.795393193    4.383208697
    1.922729730   10.030913476   10.030913281    4.388225727
    1.932738739   10.234160397   10.234160217    4.393294613
    1.942747748   10.377600984   10.377600837    4.398416060
    1.952756757   10.418355331   10.418355243    4.403590789
    1.962765766   10.301805824   10.301805825    4.408819541
    1.972774775    9.985476342    9.985476445    4.414103075
    1.982783784    9.487651498    9.487651675    4.419442172
    1.992792793    8.920181217    8.920181399    4.424837631
    2.002801802    8.439467299    8.439467417    4.430290275
    2.012810811    8.146787194    8.146787219    4.435800949
    2.022819820    8.050349933    8.050349875    4.441370521
    2.032828829    8.103908462    8.103908346    4.446999884
    2.042837838    8.253390317    8.253390165    4.452689954
    2.052846847    8.457692440    8.457692267    4.458441677
    2.062855856    8.690891660    8.690891475    4.464256024
    2.072864865    8.938330800    8.938330608    4.470133996
    2.082873874    9.192459726    9.192459530    4.476076622
    2.092882883    9.449886258    9.449886059    4.482084966
    2.102891892    9.709549511    9.709549308    4.488160120
    2.112900901    9.971640373    9.971640168    4.494303214
    2.122909910   10.236952218   10.236952011    4.500515413
    2.132918919   10.506441379   10.506441168    4.506797919
    2.142927928   10.780837583   10.780837369    4.513151973
    2.152936937   11.060159879   11.060159660    4.519578858
    2.162945946   11.342963044   11.342962820    4.526079902
    2.172954955   11.625060421   11.625060191    4.532656475
    2.182963964   11.897351139   11.897350902    4.539310000
    2.192972973   12.142311384   12.142311137    4.546041947
    2.202981982   12.329062254   12.329061994    4.552853840
    2.212990991   12.408790423   12.408790146    4.559747261
    2.223000000   12.317598339   12.317598041    4.566723852
    2.233009009   12.001602695   12.001602374    4.573785315
    2.243018018   11.472407230   11.472406893    4.580933424
    2.253027027   10.851776957   10.851776616    4.588170020
    2.263036036   10.324816931   10.324816597    4.595497023
    2.273045045   10.021994173   10.021993849    4.602916430
    2.283054054    9.963015956    9.963015637    4.610430328
    2.293063063   10.096468531   10.096468211    4.618040894
    2.303072072   10.356554781   10.356554455    4.625750402
    2.313081081   10.690046300   10.690045966    4.633561233
    2.323090090   11.059033431   11.059033091    4.641475881
    2.333099099   11.434337211   11.434336873    4.649496962
    2.343108108   11.786870406   11.786870085    4.657627222
    2.353117117   12.078999077   12.078998802    4.665869551
    2.363126126   12.257938069   12.257937880    4.674226991
    2.373135135   12.258409878   12.258409823    4.682702752
    2.383144144   12.029374329   12.029374431    4.691300225
    2.393153153   11.590554847   11.590555064    4.700023001
    2.403162162   11.072324035   11.072324253    4.708874885
    2.413171171   10.660279775   10.660279880    4.717859923
    2.423180180   10.477482331   10.477482273    4.726982421
    2.433189189   10.537139998   10.537139792    4.736246972
    2.443198198   10.786886183   10.786885865    4.745658487
    2.453207207   11.164203110   11.164202714    4.755222229
    2.463216216   11.621529380   11.621528928    4.764943844
    2.473225225   12.128982360   12.128981866    4.774829407
    2.483234234   12.669435130   12.669434602    4.784885456
    2.493243243   13.232914622   13.232914066    4.795119038
    2.503252252   13.811883128   13.811882551    4.805537739
    2.513261261   14.396968347   14.396967761    4.816149703
    2.523270270   14.972273220   14.972272647    4.826963622
    2.533279279   15.509763910   15.509763387    4.837988650
    2.543288288   15.963944676   15.963944260    4.849234213
    2.553297297   16.272318927   16.272318685    4.860709578
    2.563306306   16.371979134   16.371979114    4.872423031
    2.573315315   16.234103954   16.234104145    4.884380324
    2.583324324   15.885637852   15.885638193    4.896581899
    2.593333333   15.386961615   15.386962061    4.909018111
    2.603342342   14.808929842   14.808930394    4.921661742
    2.613351351   14.248196399   14.248197053    4.934458252
    2.623360360   13.820262199   13.820262894    4.947318742
    2.633369369   13.605829011   13.605829634    4.960129287
    2.643378378   13.608898699   13.608899152    4.972790940
    2.653387387   13.747330636   13.747330904    4.985263713
    2.663396396   13.863070524   13.863070676    4.997531838
    2.673405405   13.761036905   13.761037042    5.009503543
    2.683414414   13.287100672   13.287100855    5.021055224
    2.693423423   12.419864411   12.419864628    5.032305554
    2.703432432   11.289865949   11.289866142    5.043788556
    2.713441441   10.085791627   10.085791757    5.056158188
    2.723450450    8.971833552    8.971833619    5.069687992
    2.733459459    8.082659465    8.082659486    5.084117805
    2.743468468    7.485159704    7.485159689    5.098862058
    2.753477477    7.123881801    7.123881751    5.113313732
    2.763486486    6.877397060    6.877396972    5.127188640
    2.773495495    6.684105330    6.684105219    5.140846260
    2.783504505    6.588267898    6.588267790    5.155215112
    2.793513514    6.653017589    6.653017504    5.171181222
    2.803522523    6.851244133    6.851244074    5.189077988
    2.813531532    7.059281992    7.059281958    5.208753912
    2.823540541    7.137660431    7.137660440    5.229900291
    2.833549550    7.009338422    7.009338523    5.252263074
    2.843558559    6.672575958    6.672576226    5.275697917
    2.853567568    6.158906169    6.158906680    5.300154089
    2.863576577    5.501319938    5.501320745    5.325644570
    2.873585586    4.723667524    4.723668638    5.352220959
    2.883594595    3.816720680    3.816722054    5.379954315
    2.893603604    2.749506638    2.749508160    5.408917857
    2.903612613    1.550348868    1.550350373    5.439165745
    2.913621622    0.349416587    0.349417939    5.470700145
    2.923630631   -0.690797449   -0.690796299    5.503414672
    2.933639640   -1.471147797   -1.471146832    5.536995011
    2.943648649   -1.978643840   -1.978643028    5.570747040
    2.953657658   -2.252749201   -2.252748518    5.603314617
    2.963666667   -2.361040005   -2.361039443    5.632269206
    2.973675676   -2.396409799   -2.396409369    5.653680590
    2.983684685   -2.458765030   -2.458764728    5.662165362
    2.993693694   -2.605749331   -2.605749116    5.652555763
    3.003702703   -2.810798930   -2.810798756    5.624154739
    3.013711712   -2.985032063   -2.985031919    5.585206650
    3.023720721   -3.041371292   -3.041371198    5.551058056
    3.033729730   -2.935861714   -2.935861679    5.534895313
    3.043738739   -2.680557188   -2.680557185    5.540748486
    3.053747748   -2.332538392   -2.332538378    5.564742589
    3.063756757   -1.957822795   -1.957822748    5.599767977
    3.073765766   -1.596518878   -1.596518815    5.638305042
    3.083774775   -1.259040086   -1.259040044    5.672938616
    3.093783784   -0.948485847   -0.948485846    5.696315786
    3.103792793   -0.668487522   -0.668487560    5.702264311
    3.113801802   -0.404559664   -0.404559735    5.688342151
    3.123810811   -0.120681770   -0.120681867    5.657529424
    3.133819820    0.208793893    0.208793786    5.617489226
    3.143828829    0.572364553    0.572364464    5.579496949
    3.153837838    0.928885417    0.928885376    5.555854850
    3.163846847    1.233619765    1.233619795    5.553616648
    3.173855856    1.462178266    1.462178364    5.570917805
    3.183864865    1.616298832    1.616298983    5.599971743
    3.193873874    1.705212026    1.705212224    5.632587069
    3.203882883    1.730717606    1.730717860    5.664546163
    3.213891892    1.699597357    1.699597682    5.697234966
    3.223900901    1.634804538    1.634804951    5.735088450
    3.233909910    1.559021379    1.559021909    5.780649437
    3.243918919    1.478315452    1.478316127    5.831621121
    3.253927928    1.394494091    1.394494899    5.881100557
    3.263936937    1.320732515    1.320733394    5.918966494
    3.273945946    1.278327445    1.278328281    5.933484245
    3.283954955    1.291397730    1.291398388    5.914653009
    3.293963964    1.382716875    1.382717268    5.861162906
    3.303972973    1.566126140    1.566126265    5.787742773
    3.313981982    1.841785981    1.841785900    5.721736256
    3.323990991    2.193987901    2.193987704    5.686104371
    3.334000000    2.592673686    2.592673469    5.686775450
    3.344009009    2.998598269    2.998598123    5.715978120
    3.354018018    3.366942140    3.366942148    5.761443765
    3.364027027    3.650243262    3.650243479    5.810491060
    3.374036036    3.807150703    3.807151118    5.849374711
    3.384045045    3.817833938    3.817834450    5.863445302
    3.394054054    3.695297983    3.695298441    5.841170300
    3.404063063    3.483062973    3.483063254    5.780363870
    3.414072072    3.245381585    3.245381661    5.692012384
    3.424081081    3.050408080    3.050407991    5.599215480
    3.434090090    2.932217844    2.932217648    5.529674020
    3.444099099    2.858014517    2.858014248    5.501783501
    3.454108108    2.747995610    2.747995281    5.515963218
    3.464117117    2.542497751    2.542497371    5.559293081
    3.474126126    2.268179342    2.268178937    5.615294716
    3.484135135    2.036793819    2.036793427    5.670660841
    3.494144144    1.959177058    1.959176705    5.717548536
    3.504153153    2.068514996    2.068514693    5.751462329
    3.514162162    2.325513036    2.325512780    5.767870540
    3.524171171    2.662863830    2.662863616    5.764436113
    3.534180180    3.017067366    3.017067189    5.747774283
    3.544189189    3.345671044    3.345670904    5.732703861
    3.554198198    3.639049006    3.639048905    5.730911416
    3.564207207    3.915398085    3.915398021    5.743482830
    3.574216216    4.188059212    4.188059178    5.764071589
    3.584225225    4.431424357    4.431424331    5.784472972
    3.594234234    4.579546948    4.579546899    5.798832885
    3.604243243    4.560061446    4.560061337    5.807058503
    3.614252252    4.351413511    4.351413317    5.814843206
    3.624261261    4.028056591    4.028056321    5.829798620
    3.634270270    3.727631045    3.727630739    5.855081360
    3.644279279    3.543687130    3.543686824    5.884014613
    3.654288288    3.455150725    3.455150413    5.901384846
    3.664297297    3.350624650    3.350624294    5.890209441
    3.674306306    3.097316080    3.097315625    5.838848337
    3.684315315    2.604993097    2.604992480    5.747682105
    3.694324324    1.869413893    1.869413078    5.631757698
    3.704333333    0.977066739    0.977065743    5.510079147
    3.714342342    0.053058930    0.053057796    5.389356122
    3.724351351   -0.801264926   -0.801266133    5.264200114
    3.734360360   -1.504656916   -1.504658078    5.133258644
    3.744369369   -1.975516943   -1.975517916    5.009907351
    3.754378378   -2.169907565   -2.169908260    4.915572438
    3.764387387   -2.117202371   -2.117202789    4.863863817
    3.774396396   -1.895330386   -1.895330584    4.853266626
    3.784405405   -1.582086179   -1.582086229    4.873235076
    3.794414414   -1.224666218   -1.224666194    4.912425708
    3.804423423   -0.837521328   -0.837521295    4.962217479
    3.814432432   -0.421017148   -0.421017140    5.017029639
    3.824441441    0.020270859    0.020270836    5.073789056
    3.834450450    0.473594415    0.473594371    5.131391954
    3.844459459    0.921876704    0.921876658    5.188926658
    3.854468468    1.346581686    1.346581652    5.244295551
    3.864477477    1.729688346    1.729688331    5.296596743
    3.874486486    2.058252272    2.058252263    5.349347283
    3.884495495    2.329248306    2.329248260    5.409103590
    3.894504505    2.543774802    2.543774660    5.480524158
    3.904513514    2.689783581    2.689783293    5.563276330
    3.914522523    2.736132381    2.736131922    5.652680837
    3.924531532    2.651729461    2.651728844    5.741723714
    3.934540541    2.432454689    2.432453970    5.822375817
    3.944549550    2.116385476    2.116384752    5.886596021
    3.954558559    1.779042476    1.779041847    5.928183796
    3.964567568    1.498218200    1.498217715    5.945160461
    3.974576577    1.312929737    1.312929384    5.941129825
    3.984585586    1.226354033    1.226353765    5.925323285
    3.994594595    1.238206880    1.238206642    5.911515827
    4.004603604    1.351845920    1.351845677    5.914281478
    4.014612613    1.554426135    1.554425880    5.942731912
    4.024621622    1.807859626    1.807859369    5.996340049
    4.034630631    2.061580450    2.061580213    6.065783800
    4.044639640    2.272904074    2.272903883    6.136282607
    4.054648649    2.422307694    2.422307572    6.190224233
    4.064657658    2.512938073    2.512938042    6.209791231
    4.074666667    2.555305667    2.555305745    6.183066035
    4.084675676    2.555847412    2.555847600    6.113358527
    4.094684685    2.517762759    2.517763030    6.021359164
    4.104693694    2.444029657    2.444029949    5.931542463
    4.114702703    2.337501116    2.337501343    5.857929185
    4.124711712    2.205131759    2.205131852    5.807227218
    4.134720721    2.066964822    2.066964780    5.787224649
    4.144729730    1.961227064    1.961226950    5.803374682
    4.154738739    1.933294888    1.933294783    5.851854441
    4.164747748    2.009017968    2.009017943    5.921019259
    4.174756757    2.176361679    2.176361774    5.997800526
    4.184765766    2.393225476    2.393225682    6.073168862
    4.194774775    2.611937102    2.611937340    6.145277075
    4.204783784    2.797365603    2.797365751    6.218749293
    4.214792793    2.923859147    2.923859109    6.299786327
    4.224801802    2.959774518    2.959774260    6.391525751
    4.234810811    2.864385891    2.864385410    6.493137389
    4.244819820    2.613115852    2.613115153    6.601508635
    4.254828829    2.231205331    2.231204442    6.713338288
    4.264837838    1.793347893    1.793346887    6.826352741
    4.274846847    1.395427322    1.395426333    6.939037510
    4.284855856    1.130716692    1.130715861    7.049326035
    4.294864865    1.059820135    1.059819540    7.153889767
    4.304873874    1.181058110    1.181057749    7.248938107
    4.314882883    1.435229909    1.435229755    7.332087897
    4.324891892    1.734100417    1.734100456    7.405213028
    4.334900901    1.982331986    1.982332229    7.476777831
    4.344909910    2.092601670    2.092602118    7.558901229
    4.354918919    2.011321669    2.011322244    7.659811437
    4.364927928    1.749077160    1.749077673    7.779829962
    4.374936937    1.368751665    1.368751882    7.913119610
    4.384945946    0.917646254    0.917646042    8.051182696
    4.394954955    0.389773095    0.389772501    8.185904150
    4.404963964   -0.222424634   -0.222425400    8.311155076
    4.414972973   -0.859886358   -0.859887036    8.421635178
    4.424981982   -1.405762965   -1.405763398    8.510458256
    4.434990991   -1.761167107   -1.761167302    8.569513993
    4.445000000   -1.901731854   -1.901731901    8.592988372
    4.455009009   -1.866422720   -1.866422704    8.581349306
    4.465018018   -1.710044790   -1.710044767    8.545137130
    4.475027027   -1.475287951   -1.475287949    8.504040887
    4.485036036   -1.198997766   -1.198997777    8.473640700
    4.495045045   -0.923872662   -0.923872653    8.450534512
    4.505054054   -0.694131644   -0.694131572    8.413670377
    4.515063063   -0.539160497   -0.539160339    8.339838617
    4.525072072   -0.456810739   -0.456810513    8.221753883
    4.535081081   -0.409341553   -0.409341307    8.079987190
    4.545090090   -0.343140582   -0.343140347    7.956734477
    4.555099099   -0.222598138   -0.222597903    7.885762429
    4.565108108   -0.044732866   -0.044732611    7.864868396
    4.575117117    0.175750357    0.175750624    7.859508066
    4.585126126    0.422882017    0.422882272    7.826322669
    4.595135135    0.678799469    0.678799707    7.732791426
    4.605144144    0.919596027    0.919596259    7.570508647
    4.615153153    1.120323958    1.120324174    7.366961351
    4.625162162    1.258988266    1.258988423    7.180762614
    4.635171171    1.309801758    1.309801824    7.069056535
    4.645180180    1.242903987    1.242903967    7.055623988
    4.655189189    1.050180117    1.050180047    7.127813181
    4.665198198    0.773713608    0.773713521    7.251554164
    4.675207207    0.495155259    0.495155163    7.386408131
    4.685216216    0.292845120    0.292844989    7.497383156
    4.695225225    0.204611210    0.204611005    7.565107339
    4.705234234    0.216972336    0.216972029    7.593531680
    4.715243243    0.287366791    0.287366379    7.606647942
    4.725252252    0.381808900    0.381808416    7.628302597
    4.735261261    0.492254792    0.492254282    7.661519726
    4.745270270    0.619061864    0.619061354    7.689462859
    4.755279279    0.746423350    0.746422829    7.691131675
    4.765288288    0.842875017    0.842874466    7.654645908
    4.775297297    0.885654138    0.885653569    7.588136554
    4.785306306    0.883091258    0.883090730    7.524651337
    4.795315315    0.865220591    0.865220175    7.502695802
    4.805324324    0.852227350    0.852227068    7.533739903
    4.815333333    0.844383808    0.844383632    7.598050322
    4.825342342    0.832690822    0.832690708    7.671384814
    4.835351351    0.799672793    0.799672716    7.749318212
    4.845360360    0.719771195    0.719771160    7.847466870
    4.855369369    0.577855655    0.577855668    7.979584083
    4.865378378    0.387299838    0.387299891    8.137136500
    4.875387387    0.178580869    0.178580939    8.293302899
    4.885396396   -0.029863287   -0.029863236    8.423567336
    4.895405405   -0.236498162   -0.236498173    8.518809612
    4.905414414   -0.434635603   -0.434635699    8.581410447
    4.915423423   -0.595314747   -0.595314903    8.613101641
    4.925432432   -0.678610830   -0.678610978    8.606568344
    4.935441441   -0.670091891   -0.670091947    8.549753646
    4.945450450   -0.601710245   -0.601710128    8.442923026
    4.955459459   -0.532786416   -0.532786071    8.306283422
    4.965468468   -0.510647429   -0.510646871    8.164853539
    4.975477477   -0.538075432   -0.538074780    8.036519607
    4.985486486   -0.573475120   -0.573474555    7.931184889
    4.995495495   -0.570923733   -0.570923386    7.847796324
    5.005504505   -0.521397071   -0.521396969    7.775650075
    5.015513514   -0.455000435   -0.455000536    7.699372433
    5.025522523   -0.408998769   -0.408999005    7.604760170
    5.035531532   -0.391193294   -0.391193590    7.486252115
    5.045540541   -0.371483276   -0.371483557    7.343858234
    5.055549550   -0.312949023   -0.312949233    7.170709077
    5.065558559   -0.205804942   -0.205805049    6.961304177
    5.075567568   -0.069110912   -0.069110909    6.745165756
    5.085576577    0.069114273    0.069114358    6.589278514
    5.095585586    0.190534252    0.190534356    6.541370323
    5.105594595    0.291302583    0.291302643    6.581482408
    5.115603604    0.370142145    0.370142123    6.634231699
    5.125612613    0.411331227    0.411331117    6.612870408
    5.135621622    0.383269453    0.383269265    6.462912246
    5.145630631    0.257516845    0.257516585    6.195518212
    5.155639640    0.031725393    0.031725066    5.884507291
    5.165648649   -0.258020781   -0.258021152    5.610804282
    5.175657658   -0.541108956   -0.541109330    5.410151498
    5.185666667   -0.740667725   -0.740668064    5.286102315
    5.195675676   -0.817139020   -0.817139308    5.249702400
    5.205684685   -0.788315209   -0.788315443    5.318756843
    5.215693694   -0.710456652   -0.710456827    5.486795416
    5.225702703   -0.643654870   -0.643654984    5.712890186
    5.235711712   -0.620420750   -0.620420811    5.946554112
    5.245720721   -0.626810676   -0.626810720    6.156580247
    5.255729730   -0.612724544   -0.612724617    6.332099831
    5.265738739   -0.532428620   -0.532428746    6.466010548
    5.275747748   -0.377522259   -0.377522431    6.549735021
    5.285756757   -0.175208585   -0.175208770    6.577043236
    5.295765766    0.030318795    0.030318640    6.551877591
    5.305774775    0.192308129    0.192308045    6.507801877
    5.315783784    0.270981892    0.270981903    6.510276484
    5.325792793    0.240836754    0.240836865    6.615742611
    5.335801802    0.092737353    0.092737556    6.828994654
    5.345810811   -0.164255962   -0.164255688    7.094804718
    5.355819820   -0.495989525   -0.495989229    7.314417399
    5.365828829   -0.846017018   -0.846016769    7.379139183
    5.375837838   -1.154594965   -1.154594796    7.217324193
    5.385846847   -1.379889362   -1.379889244    6.827054221
    5.395855856   -1.506654779   -1.506654666    6.257709273
    5.405864865   -1.536941811   -1.536941711    5.564539285
    5.415873874   -1.477625879   -1.477625840    4.801327498
    5.425882883   -1.340835416   -1.340835470    4.045277919
    5.435891892   -1.147779886   -1.147780031    3.390478788
    5.445900901   -0.923768983   -0.923769197    2.888497849
    5.455909910   -0.689376841   -0.689377104    2.496481517
    5.465918919   -0.455383141   -0.455383442    2.111999223
    5.475927928   -0.224369572   -0.224369905    1.671867446
    5.485936937    0.003503407    0.003503050    1.201598005
    5.495945946    0.227194704    0.227194336    0.763082604
    5.505954955    0.444289615    0.444289262    0.385200400
    5.515963964    0.647843500    0.647843192    0.060855156
    5.525972973    0.822476930    0.822476697   -0.216410732
    5.535981982    0.947430184    0.947430059   -0.431895244
    5.545990991    1.008554145    1.008554151   -0.564603110
    5.556000000    1.011028187    1.011028320   -0.613387581
    5.566009009    0.979073940    0.979074164   -0.594249529
    5.576018018    0.942343185    0.942343439   -0.522507491
    5.586027027    0.924659300    0.924659520   -0.419938691
    5.596036036    0.939701336    0.939701473   -0.334786503
    5.606045045    0.985551409    0.985551443   -0.332916007
    5.616054054    1.041951033    1.041950976   -0.454384946
    5.626063063    1.080225164    1.080225044   -0.675961571
    5.636072072    1.080589751    1.080589589   -0.918041609
    5.646081081    1.044220454    1.044220260   -1.096830702
    5.656090090    0.989018187    0.989017968   -1.178122791
    5.666099099    0.926663289    0.926663054   -1.185149596
    5.676108108    0.845340951    0.845340730   -1.171142504
    5.686117117    0.722966033    0.722965884   -1.189188312
    5.696126126    0.550672192    0.550672187   -1.276978321
    5.706135135    0.333604235    0.333604417   -1.458308893
    5.716144144    0.079844360    0.079844711   -1.731437082
    5.726153153   -0.196155302   -0.196154859   -2.044030509
    5.736162162   -0.464787923   -0.464787503   -2.309773931
    5.746171171   -0.691657714   -0.691657423   -2.469379420
    5.756180180   -0.862078445   -0.862078334   -2.528474858
    5.766189189   -0.985280361   -0.985280402   -2.539935384
    5.776198198   -1.073511468   -1.073511586   -2.559593213
    5.786207207   -1.130380939   -1.130381064   -2.608206826
    5.796216216   -1.158925045   -1.158925141   -2.658016996
    5.806225225   -1.167318355   -1.167318415   -2.657873960
    5.816234234   -1.160851630   -1.160851661   -2.578901931
    5.826243243   -1.131922348   -1.131922359   -2.434913689
    5.836252252   -1.065006679   -1.065006681   -2.263572783
    5.846261261   -0.951106653   -0.951106648   -2.097371580
    5.856270270   -0.794886559   -0.794886540   -1.954317189
    5.866279279   -0.612475818   -0.612475773   -1.842811027
    5.876288288   -0.423936208   -0.423936124   -1.755296797
    5.886297297   -0.244162994   -0.244162863   -1.659856497
    5.896306306   -0.078944737   -0.078944565   -1.519938273
    5.906315315    0.070987076    0.070987260   -1.328756067
    5.916324324    0.202574879    0.202575042   -1.119902956
    5.926333333    0.304787749    0.304787876   -0.952431196
    5.936342342    0.360049418    0.360049531   -0.888200210
    5.946351351    0.353752340    0.353752485   -0.964882835
    5.956360360    0.282594472    0.282594697   -1.170931450
    5.966369369    0.156471730    0.156472046   -1.446682360
    5.976378378   -0.003273598   -0.003273228   -1.716234795
    5.986387387   -0.170118339   -0.170117964   -1.920461393
    5.996396396   -0.323343850   -0.323343511   -2.032706593
    6.006405405   -0.453257135   -0.453256873   -2.053740824
    6.016414414   -0.554984184   -0.554984042   -1.993898646
    6.026423423   -0.622677236   -0.622677223   -1.862541121
    6.036432432   -0.648705365   -0.648705440   -1.669960666
    6.046441441   -0.626106964   -0.626107071   -1.432674858
    6.056450450   -0.556460590   -0.556460689   -1.175130935
    6.066459459   -0.453492394   -0.453492461   -0.927694577
    6.076468468   -0.335745221   -0.335745239   -0.722894925
    6.086477477   -0.219102453   -0.219102415   -0.587531644
    6.096486486   -0.117846199   -0.117846117   -0.528523685
    6.106495495   -0.047619075   -0.047618984   -0.522684608
    6.116504505   -0.023873891   -0.023873828   -0.528155122
    6.126513514   -0.055356827   -0.055356798   -0.511973727
    6.136522523   -0.133534680   -0.133534658   -0.465516409
    6.146531532   -0.229945416   -0.229945370   -0.400611641
    6.156540541   -0.309528424   -0.309528345   -0.342774184
    6.166549550   -0.345723142   -0.345723058   -0.325640945
    6.176558559   -0.329214276   -0.329214224   -0.375671419
    6.186567568   -0.274280482   -0.274280485   -0.491245736
    6.196576577   -0.215165585   -0.215165647   -0.636278830
    6.206585586   -0.188119146   -0.188119259   -0.755503733
    6.216594595   -0.211037260   -0.211037404   -0.801024292
    6.226603604   -0.277366398   -0.277366546   -0.755965545
    6.236612613   -0.368138298   -0.368138425   -0.638344000
    6.246621622   -0.465130102   -0.465130198   -0.484521058
    6.256630631   -0.554359883   -0.554359951   -0.332065044
    6.266639640   -0.628239154   -0.628239209   -0.215240165
    6.276648649   -0.690619945   -0.690619998   -0.167178995
    6.286657658   -0.758695965   -0.758696027   -0.212954101
    6.296666667   -0.856950325   -0.856950410   -0.352401100
    6.306675676   -1.002696099   -1.002696230   -0.554182654
    6.316684685   -1.189581337   -1.189581526   -0.772667844
    6.326693694   -1.385811864   -1.385812092   -0.968767477
    6.336702703   -1.554186047   -1.554186258   -1.119786155
    6.346711712   -1.675126681   -1.675126819   -1.221855506
    6.356720721   -1.750486399   -1.750486436   -1.286350211
    6.366729730   -1.789236514   -1.789236452   -1.332175736
    6.376738739   -1.796989507   -1.796989372   -1.374292836
    6.386747748   -1.776068940   -1.776068772   -1.412991605
    6.396756757   -1.726717932   -1.726717783   -1.437112933
    6.406765766   -1.650734529   -1.650734437   -1.437576744
    6.416774775   -1.557137571   -1.557137550   -1.411290387
    6.426783784   -1.462561194   -1.462561241   -1.353982112
    6.436792793   -1.384639696   -1.384639803   -1.260499776
    6.446801802   -1.332181053   -1.332181206   -1.133551266
    6.456810811   -1.302405385   -1.302405564   -0.985591651
    6.466819820   -1.290852163   -1.290852342   -0.832224819
    6.476828829   -1.299965438   -1.299965598   -0.685079392
    6.486837838   -1.332748168   -1.332748297   -0.547956936
    6.496846847   -1.381553510   -1.381553591   -0.416659438
    6.506855856   -1.429352683   -1.429352693   -0.282375623
    6.516864865   -1.462434033   -1.462433958   -0.137838097
    6.526873874   -1.479215151   -1.479215009    0.017917656
    6.536882883   -1.486755262   -1.486755107    0.179897074
    6.546891892   -1.493522560   -1.493522456    0.340342455
    6.556900901   -1.506352720   -1.506352713    0.491748210
    6.566909910   -1.527519737   -1.527519836    0.629746572
    6.576918919   -1.548343632   -1.548343802    0.755545568
    6.586927928   -1.547688395   -1.547688580    0.874582125
    6.596936937   -1.505039283   -1.505039440    0.990236097
    6.606945946   -1.415000295   -1.415000409    1.098419844
    6.616954955   -1.286610949   -1.286611023    1.189108887
    6.626963964   -1.133921193   -1.133921233    1.255071842
    6.636972973   -0.969554009   -0.969554019    1.301017418
    6.646981982   -0.803162939   -0.803162918    1.340606578
    6.656990991   -0.641829285   -0.641829232    1.379667117
    6.667000000   -0.489964125   -0.489964041    1.405036585
    6.677009009   -0.348154020   -0.348153916    1.392765825
    6.687018018   -0.212574256   -0.212574151    1.327493067
    6.697027027   -0.077669857   -0.077669772    1.215253438
    6.707036036    0.057782273    0.057782321    1.077773881
    6.717045045    0.185521295    0.185521290    0.939161525
    6.727054054    0.286463244    0.286463165    0.822980726
    6.737063063    0.332005950    0.332005764    0.751998445
    6.747072072    0.289183667    0.289183349    0.738672182
    6.757081081    0.135261973    0.135261529    0.778882149
    6.767090090   -0.118793771   -0.118794280    0.857785381
    6.777099099   -0.418019916   -0.418020397    0.956549518
    6.787108108   -0.692544415   -0.692544800    1.052857082
    6.797117117   -0.903079414   -0.903079688    1.122356124
    6.807126126   -1.049310083   -1.049310267    1.146604189
    6.817135135   -1.140894016   -1.140894131    1.121321428
    6.827144144   -1.176735576   -1.176735638    1.054828803
    6.837153153   -1.153264507   -1.153264528    0.958862870
    6.847162162   -1.078834652   -1.078834650    0.845891891
    6.857171171   -0.973711871   -0.973711864    0.731773080
    6.867180180   -0.862236273   -0.862236279    0.630886528
    6.877189189   -0.767081016   -0.767081051    0.553837660
    6.887198198   -0.705619041   -0.705619118    0.514951288
    6.897207207   -0.685488301   -0.685488425    0.529469039
    6.907216216   -0.699936800   -0.699936964    0.598856281
    6.917225225   -0.726976256   -0.726976429    0.706529957
    6.927234234   -0.737453803   -0.737453946    0.827954488
    6.937243243   -0.711205367   -0.711205457    0.943670962
    6.947252252   -0.646902471   -0.646902507    1.048012692
    6.957261261   -0.556636688   -0.556636686    1.147300064
    6.967270270   -0.455098532   -0.455098511    1.246132791
    6.977279279   -0.354270909   -0.354270889    1.335826363
    6.987288288   -0.264677346   -0.264677348    1.397917961
    6.997297297   -0.198245685   -0.198245729    1.418207340
    7.007306306   -0.168364567   -0.168364676    1.397578446
    7.017315315   -0.186855852   -0.186856041    1.347147626
    7.027324324   -0.260567515   -0.260567795    1.272882536
    7.037333333   -0.388414387   -0.388414751    1.173790053
    7.047342342   -0.555927333   -0.555927749    1.056694809
    7.057351351   -0.729940847   -0.729941255    0.940558182
    7.067360360   -0.867989507   -0.867989847    0.843776871
    7.077369369   -0.942754807   -0.942755054    0.775912749
    7.087378378   -0.954209581   -0.954209746    0.738805660
    7.097387387   -0.919452911   -0.919453022    0.727265011
    7.107396396   -0.858664058   -0.858664139    0.730795040
    7.117405405   -0.788703484   -0.788703554    0.740049132
    7.127414414   -0.722893204   -0.722893274    0.750479563
    7.137423423   -0.673827474   -0.673827554    0.758897220
    7.147432432   -0.653906991   -0.653907093    0.760047599
    7.157441441   -0.668495207   -0.668495336    0.747475874
    7.167450450   -0.706551095   -0.706551245    0.712815554
    7.177459459   -0.741764355   -0.741764506    0.644100503
    7.187468468   -0.747929735   -0.747929868    0.533533567
    7.197477477   -0.713969379   -0.713969485    0.390961674
    7.207486486   -0.644796093   -0.644796175    0.246148720
    7.217495495   -0.552607131   -0.552607196    0.135192389
    7.227504505   -0.449379372   -0.449379428    0.081182293
    7.237513514   -0.343719858   -0.343719911    0.083815899
    7.247522523   -0.240377224   -0.240377284    0.126156238
    7.257531532   -0.141097303   -0.141097380    0.190966513
    7.267540541   -0.046535058   -0.046535160    0.271688593
    7.277549550    0.041863424    0.041863291    0.370234023
    7.287558559    0.121364858    0.121364696    0.487513076
    7.297567568    0.188020012    0.188019830    0.618095533
    7.307576577    0.235786603    0.235786411    0.751946651
    7.317585586    0.256958230    0.256958034    0.878959187
    7.327594595    0.247669387    0.247669195    0.993807965
    7.337603604    0.214053947    0.214053773    1.099948631
    7.347612613    0.170000745    0.170000600    1.208447899
    7.357621622    0.129612535    0.129612424    1.330111975
    7.367630631    0.103714649    0.103714571    1.468910513
    7.377639640    0.097754744    0.097754694    1.622630300
    7.387648649    0.108705570    0.108705538    1.786791375
    7.397657658    0.126464069    0.126464042    1.957069316
    7.407666667    0.139151668    0.139151634    2.129543323
    7.417675676    0.136548298    0.136548244    2.299751974
    7.427684685    0.111022761    0.111022678    2.461387682
    7.437693694    0.061418498    0.061418386    2.604902804
    7.447702703   -0.001676410   -0.001676540    2.716599260
    7.457711712   -0.060082337   -0.060082467    2.780734978
    7.467720721   -0.100124347   -0.100124461    2.787228780
    7.477729730   -0.118403667   -0.118403758    2.740954636
    7.487738739   -0.120022369   -0.120022438    2.661286098
    7.497747748   -0.116780695   -0.116780751    2.567235454
    7.507756757   -0.122759005   -0.122759060    2.463039467
    7.517765766   -0.144165704   -0.144165765    2.344532950
    7.527774775   -0.171824767   -0.171824836    2.218295971
    7.537783784   -0.188403302   -0.188403376    2.102892603
    7.547792793   -0.185837777   -0.185837859    2.008532171
    7.557801802   -0.174445941   -0.174446041    1.923328490
    7.567810811   -0.177879025   -0.177879153    1.822829686
    7.577819820   -0.220340147   -0.220340303    1.691131325
    7.587828829   -0.309945065   -0.309945237    1.530072128
    7.597837838   -0.426658849   -0.426659023    1.353876769
    7.607846847   -0.531168076   -0.531168246    1.185741782
    7.617855856   -0.591742774   -0.591742937    1.052492608
    7.627864865   -0.599875615   -0.599875762    0.972259547
    7.637873874   -0.564614093   -0.564614212    0.951185865
    7.647882883   -0.502832027   -0.502832111    0.986373300
    7.657891892   -0.434307964   -0.434308017    1.063847511
    7.667900901   -0.378653965   -0.378653996    1.160757298
    7.677909910   -0.351756991   -0.351757008    1.257167915
    7.687918919   -0.361067293   -0.361067302    1.347401290
    7.697927928   -0.402169776   -0.402169781    1.438900185
    7.707936937   -0.462361522   -0.462361525    1.539712289
    7.717945946   -0.530905824   -0.530905823    1.650639600
    7.727954955   -0.605076482   -0.605076474    1.768880933
    7.737963964   -0.684874928   -0.684874915    1.892266351
    7.747972973   -0.764691611   -0.764691599    2.016541176
    7.757981982   -0.833289497   -0.833289495    2.132297705
    7.767990991   -0.881451354   -0.881451366    2.229991327
    7.778000000   -0.908803935   -0.908803962    2.308259193
    7.788009009   -0.922434375   -0.922434413    2.372178402
    7.798018018   -0.928668183   -0.928668230    2.422446769
    7.808027027   -0.927287409   -0.927287465    2.453534581
    7.818036036   -0.913791810   -0.913791877    2.462898073
    7.828045045   -0.886068065   -0.886068145    2.452328076
    7.838054054   -0.846700707   -0.846700796    2.418680002
    7.848063063   -0.799139017   -0.799139107    2.351945738
    7.858072072   -0.744596217   -0.744596301    2.245766725
    7.868081081   -0.683263044   -0.683263119    2.109419274
    7.878090090   -0.616314655   -0.616314721    1.965902751
    7.888099099   -0.545693003   -0.545693063    1.831906850
    7.898108108   -0.472911198   -0.472911256    1.701196343
    7.908117117   -0.398791542   -0.398791601    1.554789918
    7.918126126   -0.323958982   -0.323959042    1.390472506
    7.928135135   -0.249129232   -0.249129293    1.234295474
    7.938144144   -0.175215988   -0.175216052    1.116513936
    7.948153153   -0.103631407   -0.103631474    1.045985094
    7.958162162   -0.036677640   -0.036677712    1.013815410
    7.968171171    0.022211459    0.022211380    1.012673945
    7.978180180    0.068601548    0.068601459    1.045346843
    7.988189189    0.097997517    0.097997415    1.115618304
    7.998198198    0.108055349    0.108055234    1.216371889
    8.008207207    0.101325860    0.101325738    1.328356875
    8.018216216    0.085560630    0.085560514    1.431111974
    8.028225225    0.070376738    0.070376639    1.517401401
    8.038234234    0.064022256    0.064022176    1.595747044
    8.048243243    0.071739424    0.071739358    1.678205351
    8.058252252    0.094009815    0.094009756    1.770862202
    8.068261261    0.126476625    0.126476570    1.875274919
    8.078270270    0.162909337    0.162909285    1.990463930
    8.088279279    0.198739675    0.198739626    2.109313985
    8.098288288    0.232674759    0.232674713    2.214157215
    8.108297297    0.266075893    0.266075845    2.276226735
    8.118306306    0.301312523    0.301312470    2.262193565
    8.128315315    0.340371872    0.340371812    2.149366464
    8.138324324    0.383955386    0.383955321    1.938190893
    8.148333333    0.430640964    0.430640897    1.647655410
    8.158342342    0.476569237    0.476569172    1.297747263
    8.168351351    0.516446791    0.516446728    0.897417574
    8.178360360    0.545793660    0.545793598    0.454103642
    8.188369369    0.562959150    0.562959087   -0.001861614
    8.198378378    0.568348830    0.568348762   -0.409464212
    8.208387387    0.561502816    0.561502741   -0.706248922
    8.218396396    0.541414237    0.541414152   -0.869959954
    8.228405405    0.511156049    0.511155951   -0.925350688
    8.238414414    0.479383696    0.479383580   -0.911879777
    8.248423423    0.454279960    0.454279825   -0.851673735
    8.258432432    0.437464442    0.437464294   -0.747530192
    8.268441441    0.425548679    0.425548528   -0.601121962
    8.278450450    0.414914809    0.414914665   -0.422181200
    8.288459459    0.403033332    0.403033193   -0.223732421
    8.298468468    0.387110561    0.387110423   -0.018025553
    8.308477477    0.364678943    0.364678802    0.181765173
    8.318486486    0.336779407    0.336779262    0.360033416
    8.328495495    0.308774753    0.308774602    0.501267671
    8.338504505    0.287042658    0.287042498    0.595188490
    8.348513514    0.276179822    0.276179661    0.639042883
    8.358522523    0.278884104    0.278883959    0.632154226
    8.368531532    0.296007813    0.296007698    0.573098874
    8.378540541    0.325939898    0.325939816    0.471066007
    8.388549550    0.364475539    0.364475484    0.352975539
    8.398558559    0.405471031    0.405470994    0.247563306
    8.408567568    0.442510822    0.442510795    0.167050796
    8.418576577    0.471642924    0.471642894    0.109128073
    8.428585586    0.493280399    0.493280358    0.068950384
    8.438594595    0.510551492    0.510551438    0.044792822
    8.448603604    0.525296450    0.525296384    0.038872667
    8.458612613    0.536363130    0.536363055    0.057086262
    8.468621622    0.541741059    0.541740976    0.103419545
    8.478630631    0.541890230    0.541890144    0.171798653
    8.488639640    0.541164557    0.541164471    0.247851422
    8.498648649    0.545510901    0.545510816    0.322294166
    8.508657658    0.558494405    0.558494316    0.399042190
    8.518666667    0.580549843    0.580549752    0.485169939
    8.528675676    0.611107053    0.611106965    0.576082778
    8.538684685    0.648917918    0.648917839    0.655608545
    8.548693694    0.690266020    0.690265953    0.706095406
    8.558702703    0.728435432    0.728435373    0.712243484
    8.568711712    0.755594123    0.755594069    0.659104067
    8.578720721    0.766638082    0.766638031    0.536421088
    8.588729730    0.763920330    0.763920284    0.347468616
    8.598738739    0.758402453    0.758402410    0.111908430
    8.608747748    0.763055410    0.763055367   -0.140183436
    8.618756757    0.784194493    0.784194446   -0.382450254
    8.628765766    0.819821938    0.819821884   -0.604642297
    8.638774775    0.863650282    0.863650218   -0.805592161
    8.648783784    0.908292317    0.908292240   -0.974668764
    8.658792793    0.945691172    0.945691076   -1.090870885
    8.668801802    0.967422623    0.967422501   -1.141795695
    8.678810811    0.967783276    0.967783130   -1.136147937
    8.688819820    0.949265447    0.949265293   -1.094577704
    8.698828829    0.924840347    0.924840208   -1.031446174
    8.708837838    0.911509567    0.911509459   -0.948344624
    8.718846847    0.919942150    0.919942073   -0.842977453
    8.728855856    0.950455711    0.950455660   -0.718450941
    8.738864865    0.996520199    0.996520162   -0.583652472
    8.748873874    1.049959598    1.049959567   -0.449325670
    8.758882883    1.104577130    1.104577101   -0.324843949
    8.768891892    1.157875003    1.157874972   -0.215463047
    8.778900901    1.210076319    1.210076285   -0.119907668
    8.788909910    1.260599760    1.260599717   -0.032217237
    8.798918919    1.305562703    1.305562640    0.051719330
    8.808927928    1.339091751    1.339091660    0.130464049
    8.818936937    1.357075839    1.357075723    0.198807110
    8.828945946    1.359500790    1.359500658    0.250264144
    8.838954955    1.347803498    1.347803355    0.280089349
    8.848963964    1.320331566    1.320331402    0.290481937
    8.858972973    1.273651070    1.273650867    0.291779927
    8.868981982    1.209176295    1.209176047    0.295767720
    8.878990991    1.136191226    1.136190945    0.311285679
    8.889000000    1.068045002    1.068044719    0.346549883
    8.899009009    1.017616834    1.017616586    0.408363194
    8.909018018    0.993613337    0.993613150    0.497716662
    8.919027027    0.996807652    0.996807525    0.609765015
    8.929036036    1.020411969    1.020411883    0.737310682
    8.939045045    1.054565690    1.054565626    0.872984631
    8.949054054    1.090515799    1.090515745    1.009383030
    8.959063063    1.121508317    1.121508262    1.138464380
    8.969072072    1.141055326    1.141055260    1.251105134
    8.979081081    1.143403707    1.143403619    1.336792678
    8.989090090    1.129180617    1.129180510    1.383053305
    8.999099099    1.109876602    1.109876488    1.376822969
    9.009108108    1.101109915    1.101109807    1.312601666
    9.019117117    1.109677597    1.109677491    1.204317845
    9.029126126    1.130046302    1.130046182    1.084688226
    9.039135135    1.151529089    1.151528932    0.984461052
    9.049144144    1.165832246    1.165832035    0.912966084
    9.059153153    1.170076754    1.170076487    0.862846130
    9.069162162    1.168045006    1.168044709    0.828713934
    9.079171171    1.170021614    1.170021331    0.815156897
    9.089180180    1.186634202    1.186633969    0.829730606
    9.099189189    1.220966911    1.220966735    0.873664051
    9.109198198    1.268357974    1.268357846    0.937823362
    9.119207207    1.321093600    1.321093506    1.004975858
    9.129216216    1.370339134    1.370339062    1.057413671
    9.139225225    1.406158187    1.406158124    1.086062839
    9.149234234    1.419884287    1.419884215    1.094738659
    9.159243243    1.406966346    1.406966245    1.095491423
    9.169252252    1.366152173    1.366152025    1.100961045
    9.179261261    1.298724793    1.298724595    1.121915854
    9.189270270    1.213349057    1.213348830    1.166410196
    9.199279279    1.127939720    1.127939500    1.235228194
    9.209288288    1.059023586    1.059023399    1.319557095
    9.219297297    1.010856415    1.010856265    1.406062336
    9.229306306    0.979172774    0.979172653    1.485995469
    9.239315315    0.961207820    0.961207725    1.561617652
    9.249324324    0.956389108    0.956389034    1.643298878
    9.259333333    0.960433744    0.960433683    1.739444852
    9.269342342    0.965381300    0.965381241    1.850690742
    9.279351351    0.967158209    0.967158147    1.971379903
    9.289360360    0.971568792    0.971568731    2.092648809
    9.299369369    0.990662618    0.990662564    2.205723424
    9.309378378    1.032948220    1.032948178    2.306558331
    9.319387387    1.097962616    1.097962585    2.399129597
    9.329396396    1.177757444    1.177757415    2.491682690
    9.339405405    1.259952822    1.259952781    2.586761624
    9.349414414    1.329348952    1.329348878    2.674922135
    9.359423423    1.369374077    1.369373948    2.735767955
    9.369432432    1.366084825    1.366084624    2.741844859
    9.379441441    1.315298790    1.315298516    2.667568546
    9.389450450    1.227287568    1.227287242    2.507282113
    9.399459459    1.122970722    1.122970380    2.287468904
    9.409468468    1.025759958    1.025759642    2.053035157
    9.419477477    0.955065604    0.955065344    1.844571033
    9.429486486    0.921688146    0.921687953    1.692889210
    9.439495495    0.925673069    0.925672934    1.616734545
    9.449504505    0.957210403    0.957210305    1.614090464
    9.459513514    0.999897780    0.999897693    1.663861532
    9.469522523    1.034833228    1.034833130    1.738740839
    9.479531532    1.045144147    1.045144022    1.815805980
    9.489540541    1.023003698    1.023003545    1.881000027
    9.499549550    0.976881311    0.976881143    1.931801236
    9.509558559    0.929054835    0.929054673    1.977645899
    9.519567568    0.901306187    0.901306043    2.032010928
    9.529576577    0.902891732    0.902891605    2.100673169
    9.539585586    0.930921666    0.930921555    2.177555729
    9.549594595    0.977379237    0.977379140    2.247789608
    9.559603604    1.034214209    1.034214125    2.292422847
    9.569612613    1.096086528    1.096086454    2.293203428
    9.579621622    1.161706516    1.161706451    2.236495108
    9.589630631    1.231702924    1.231702860    2.111050569
    9.599639640    1.303807205    1.303807130    1.903549034
    9.609648649    1.369557663    1.369557556    1.608322770
    9.619657658    1.414853911    1.414853751    1.245247535
    9.629666667    1.424154614    1.424154384    0.861604587
    9.639675676    1.388588341    1.388588048    0.517609386
    9.649684685    1.314037256    1.314036934    0.266821214
    9.659693694    1.218069113    1.218068799    0.136660495
    9.669702703    1.116506947    1.116506662    0.119142980
    9.679711712    1.018557367    1.018557115    0.178353952
    9.689720721    0.933397121    0.933396906    0.266320562
    9.699729730    0.872369552    0.872369377    0.336022516
    9.709738739    0.843466979    0.843466844    0.350170025
    9.719747748    0.846533019    0.846532916    0.291208107
    9.729756757    0.873853814    0.873853728    0.170869441
    9.739765766    0.913207460    0.913207371    0.029294385
    9.749774775    0.948840122    0.948840012   -0.083117085
    9.759783784    0.962586854    0.962586704   -0.135960013
    9.769792793    0.940317804    0.940317606   -0.135259160
    9.779801802    0.882764715    0.882764484   -0.107982532
    9.789810811    0.810711623    0.810711390   -0.076096679
    9.799819820    0.753926518    0.753926314   -0.049138641
    9.809828829    0.731682130    0.731681969   -0.032574698
    9.819837838    0.745561638    0.745561516   -0.033946339
    9.829846847    0.787067378    0.787067284   -0.066153147
    9.839855856    0.846175238    0.846175160   -0.147277373
    9.849864865    0.914138041    0.914137968   -0.289602763
    9.859873874    0.984133372    0.984133301   -0.485601539
    9.869882883    1.053056616    1.053056544   -0.704326926
    9.879891892    1.122413609    1.122413536   -0.902872330
    9.889900901    1.195671030    1.195670956   -1.044986799
    9.899909910    1.274062485    1.274062410   -1.111681450
    9.909918919    1.354778107    1.354778027   -1.102329850
    9.919927928    1.431993977    1.431993889   -1.031205566
    9.929936937    1.498932277    1.498932177   -0.920463112
    9.939945946    1.550522327    1.550522214   -0.794287211
    9.949954955    1.586648935    1.586648813   -0.676663974
    9.959963964    1.613594983    1.613594859   -0.588810828
    9.969972973    1.641131922    1.641131807   -0.542241797
    9.979981982    1.676915712    1.676915609   -0.529523307
    9.989990991    1.723430105    1.723430012   -0.525433256
   10.000000000    1.779770414    1.779770328   -0.504135720
