# energy grid [eV]     ieps_x  ieps_y  ieps_z
#
    0.001000000    6.460667144    6.460667110    3.524020871
    0.011009009    6.460173623    6.460173589    3.523946076
    0.021018018    6.459409246    6.459409212    3.523830572
    0.031027027    6.458522992    6.458522958    3.523697018
    0.041036036    6.457520153    6.457520119    3.523546201
    0.051045045    6.456401411    6.456401377    3.523378204
    0.061054054    6.455167094    6.455167060    3.523193054
    0.071063063    6.453817473    6.453817439    3.522990766
    0.081072072    6.452352816    6.452352782    3.522771356
    0.091081081    6.450773404    6.450773370    3.522534834
    0.101090090    6.449079533    6.449079499    3.522281214
    0.111099099    6.447271519    6.447271485    3.522010511
    0.121108108    6.445349698    6.445349664    3.521722738
    0.131117117    6.443314423    6.443314389    3.521417911
    0.141126126    6.441166070    6.441166036    3.521096046
    0.151135135    6.438905033    6.438904999    3.520757159
    0.161144144    6.436531725    6.436531692    3.520401270
    0.171153153    6.434046580    6.434046546    3.520028396
    0.181162162    6.431450048    6.431450015    3.519638557
    0.191171171    6.428742602    6.428742568    3.519231774
    0.201180180    6.425924729    6.425924695    3.518808068
    0.211189189    6.422996938    6.422996905    3.518367461
    0.221198198    6.419959755    6.419959721    3.517909977
    0.231207207    6.416813721    6.416813688    3.517435639
    0.241216216    6.413559399    6.413559366    3.516944472
    0.251225225    6.410197366    6.410197332    3.516436502
    0.261234234    6.406728216    6.406728182    3.515911756
    0.271243243    6.403152560    6.403152527    3.515370260
    0.281252252    6.399471026    6.399470993    3.514812043
    0.291261261    6.395684257    6.395684224    3.514237135
    0.301270270    6.391792910    6.391792877    3.513645565
    0.311279279    6.387797660    6.387797627    3.513037363
    0.321288288    6.383699194    6.383699161    3.512412562
    0.331297297    6.379498216    6.379498183    3.511771193
    0.341306306    6.375195442    6.375195408    3.511113291
    0.351315315    6.370791601    6.370791568    3.510438888
    0.361324324    6.366287439    6.366287406    3.509748020
    0.371333333    6.361683712    6.361683679    3.509040723
    0.381342342    6.356981188    6.356981155    3.508317032
    0.391351351    6.352180649    6.352180616    3.507576985
    0.401360360    6.347282889    6.347282856    3.506820621
    0.411369369    6.342288711    6.342288678    3.506047977
    0.421378378    6.337198931    6.337198899    3.505259093
    0.431387387    6.332014376    6.332014344    3.504454010
    0.441396396    6.326735882    6.326735850    3.503632768
    0.451405405    6.321364296    6.321364263    3.502795409
    0.461414414    6.315900472    6.315900440    3.501941977
    0.471423423    6.310345278    6.310345245    3.501072513
    0.481432432    6.304699585    6.304699553    3.500187063
    0.491441441    6.298964276    6.298964244    3.499285671
    0.501450450    6.293140242    6.293140210    3.498368381
    0.511459459    6.287228379    6.287228348    3.497435241
    0.521468468    6.281229594    6.281229562    3.496486298
    0.531477477    6.275144797    6.275144765    3.495521598
    0.541486486    6.268974906    6.268974874    3.494541190
    0.551495495    6.262720847    6.262720815    3.493545124
    0.561504505    6.256383548    6.256383517    3.492533447
    0.571513514    6.249963946    6.249963914    3.491506212
    0.581522523    6.243462980    6.243462949    3.490463468
    0.591531532    6.236881597    6.236881565    3.489405267
    0.601540541    6.230220744    6.230220713    3.488331662
    0.611549550    6.223481376    6.223481345    3.487242705
    0.621558559    6.216664449    6.216664418    3.486138450
    0.631567568    6.209770923    6.209770892    3.485018950
    0.641576577    6.202801762    6.202801731    3.483884262
    0.651585586    6.195757931    6.195757900    3.482734438
    0.661594595    6.188640397    6.188640367    3.481569537
    0.671603604    6.181450132    6.181450101    3.480389614
    0.681612613    6.174188106    6.174188075    3.479194726
    0.691621622    6.166855292    6.166855261    3.477984931
    0.701630631    6.159452664    6.159452633    3.476760287
    0.711639640    6.151981196    6.151981166    3.475520852
    0.721648649    6.144441864    6.144441834    3.474266687
    0.731657658    6.136835642    6.136835612    3.472997851
    0.741666667    6.129163505    6.129163475    3.471714404
    0.751675676    6.121426428    6.121426398    3.470416408
    0.761684685    6.113625384    6.113625355    3.469103923
    0.771693694    6.105761347    6.105761317    3.467777011
    0.781702703    6.097835287    6.097835258    3.466435736
    0.791711712    6.089848175    6.089848146    3.465080159
    0.801720721    6.081800980    6.081800950    3.463710344
    0.811729730    6.073694666    6.073694637    3.462326356
    0.821738739    6.065530199    6.065530170    3.460928258
    0.831747748    6.057308540    6.057308511    3.459516115
    0.841756757    6.049030647    6.049030618    3.458089993
    0.851765766    6.040697478    6.040697449    3.456649956
    0.861774775    6.032309985    6.032309956    3.455196072
    0.871783784    6.023869117    6.023869088    3.453728406
    0.881792793    6.015375820    6.015375792    3.452247026
    0.891801802    6.006831038    6.006831010    3.450751999
    0.901810811    5.998235708    5.998235680    3.449243393
    0.911819820    5.989590765    5.989590737    3.447721275
    0.921828829    5.980897139    5.980897111    3.446185714
    0.931837838    5.972155756    5.972155728    3.444636779
    0.941846847    5.963367537    5.963367509    3.443074540
    0.951855856    5.954533397    5.954533370    3.441499066
    0.961864865    5.945654250    5.945654222    3.439910426
    0.971873874    5.936731000    5.936730972    3.438308691
    0.981882883    5.927764549    5.927764522    3.436693932
    0.991891892    5.918755793    5.918755766    3.435066220
    1.001900901    5.909705623    5.909705595    3.433425626
    1.011909910    5.900614922    5.900614895    3.431772220
    1.021918919    5.891484570    5.891484543    3.430106076
    1.031927928    5.882315440    5.882315413    3.428427265
    1.041936937    5.873108400    5.873108373    3.426735860
    1.051945946    5.863864309    5.863864283    3.425031933
    1.061954955    5.854584025    5.854583998    3.423315558
    1.071963964    5.845268394    5.845268367    3.421586807
    1.081972973    5.835918259    5.835918233    3.419845753
    1.091981982    5.826534457    5.826534431    3.418092472
    1.101990991    5.817117816    5.817117790    3.416327036
    1.112000000    5.807669160    5.807669134    3.414549519
    1.122009009    5.798189304    5.798189278    3.412759996
    1.132018018    5.788679058    5.788679032    3.410958542
    1.142027027    5.779139224    5.779139198    3.409145231
    1.152036036    5.769570598    5.769570572    3.407320138
    1.162045045    5.759973969    5.759973943    3.405483338
    1.172054054    5.750350117    5.750350092    3.403634907
    1.182063063    5.740699819    5.740699794    3.401774920
    1.192072072    5.731023841    5.731023816    3.399903453
    1.202081081    5.721322944    5.721322919    3.398020581
    1.212090090    5.711597882    5.711597857    3.396126380
    1.222099099    5.701849399    5.701849374    3.394220927
    1.232108108    5.692078235    5.692078211    3.392304298
    1.242117117    5.682285123    5.682285098    3.390376569
    1.252126126    5.672470785    5.672470760    3.388437816
    1.262135135    5.662635938    5.662635914    3.386488116
    1.272144144    5.652781294    5.652781269    3.384527546
    1.282153153    5.642907553    5.642907528    3.382556182
    1.292162162    5.633015410    5.633015386    3.380574101
    1.302171171    5.623105554    5.623105530    3.378581381
    1.312180180    5.613178664    5.613178641    3.376578098
    1.322189189    5.603235414    5.603235390    3.374564329
    1.332198198    5.593276468    5.593276444    3.372540152
    1.342207207    5.583302484    5.583302461    3.370505643
    1.352216216    5.573314114    5.573314091    3.368460879
    1.362225225    5.563312001    5.563311977    3.366405939
    1.372234234    5.553296779    5.553296756    3.364340899
    1.382243243    5.543269079    5.543269055    3.362265837
    1.392252252    5.533229520    5.533229497    3.360180830
    1.402261261    5.523178718    5.523178695    3.358085956
    1.412270270    5.513117278    5.513117255    3.355981291
    1.422279279    5.503045799    5.503045776    3.353866913
    1.432288288    5.492964874    5.492964852    3.351742899
    1.442297297    5.482875088    5.482875065    3.349609328
    1.452306306    5.472777017    5.472776995    3.347466276
    1.462315315    5.462671232    5.462671210    3.345313820
    1.472324324    5.452558297    5.452558274    3.343152039
    1.482333333    5.442438766    5.442438744    3.340981008
    1.492342342    5.432313189    5.432313167    3.338800806
    1.502351351    5.422182107    5.422182085    3.336611509
    1.512360360    5.412046055    5.412046033    3.334413195
    1.522369369    5.401905561    5.401905539    3.332205940
    1.532378378    5.391761145    5.391761124    3.329989822
    1.542387387    5.381613321    5.381613299    3.327764918
    1.552396396    5.371462595    5.371462574    3.325531305
    1.562405405    5.361309468    5.361309447    3.323289059
    1.572414414    5.351154432    5.351154411    3.321038257
    1.582423423    5.340997974    5.340997952    3.318778975
    1.592432432    5.330840572    5.330840551    3.316511291
    1.602441441    5.320682700    5.320682679    3.314235280
    1.612450450    5.310524824    5.310524803    3.311951019
    1.622459459    5.300367403    5.300367382    3.309658585
    1.632468468    5.290210889    5.290210869    3.307358052
    1.642477477    5.280055730    5.280055710    3.305049498
    1.652486486    5.269902365    5.269902345    3.302732998
    1.662495495    5.259751228    5.259751207    3.300408628
    1.672504505    5.249602744    5.249602724    3.298076463
    1.682513514    5.239457335    5.239457315    3.295736579
    1.692522523    5.229315416    5.229315396    3.293389052
    1.702531532    5.219177393    5.219177374    3.291033955
    1.712540541    5.209043670    5.209043650    3.288671365
    1.722549550    5.198914642    5.198914622    3.286301357
    1.732558559    5.188790697    5.188790678    3.283924004
    1.742567568    5.178672221    5.178672201    3.281539382
    1.752576577    5.168559590    5.168559570    3.279147565
    1.762585586    5.158453176    5.158453157    3.276748627
    1.772594595    5.148353345    5.148353325    3.274342643
    1.782603604    5.138260456    5.138260437    3.271929685
    1.792612613    5.128174864    5.128174845    3.269509829
    1.802621622    5.118096917    5.118096898    3.267083146
    1.812630631    5.108026958    5.108026939    3.264649711
    1.822639640    5.097965323    5.097965304    3.262209597
    1.832648649    5.087912344    5.087912326    3.259762876
    1.842657658    5.077868348    5.077868329    3.257309622
    1.852666667    5.067833654    5.067833636    3.254849907
    1.862675676    5.057808578    5.057808559    3.252383803
    1.872684685    5.047793429    5.047793411    3.249911382
    1.882693694    5.037788512    5.037788493    3.247432716
    1.892702703    5.027794125    5.027794107    3.244947877
    1.902711712    5.017810563    5.017810545    3.242456937
    1.912720721    5.007838115    5.007838097    3.239959966
    1.922729730    4.997877064    4.997877046    3.237457036
    1.932738739    4.987927689    4.987927671    3.234948217
    1.942747748    4.977990263    4.977990246    3.232433580
    1.952756757    4.968065056    4.968065038    3.229913195
    1.962765766    4.958152330    4.958152313    3.227387132
    1.972774775    4.948252346    4.948252329    3.224855462
    1.982783784    4.938365357    4.938365340    3.222318253
    1.992792793    4.928491613    4.928491596    3.219775575
    2.002801802    4.918631359    4.918631341    3.217227498
    2.012810811    4.908784834    4.908784817    3.214674090
    2.022819820    4.898952275    4.898952258    3.212115419
    2.032828829    4.889133913    4.889133897    3.209551555
    2.042837838    4.879329975    4.879329958    3.206982565
    2.052846847    4.869540682    4.869540666    3.204408516
    2.062855856    4.859766253    4.859766237    3.201829478
    2.072864865    4.850006902    4.850006885    3.199245516
    2.082873874    4.840262837    4.840262821    3.196656698
    2.092882883    4.830534265    4.830534248    3.194063091
    2.102891892    4.820821385    4.820821368    3.191464762
    2.112900901    4.811124395    4.811124379    3.188861776
    2.122909910    4.801443488    4.801443472    3.186254199
    2.132918919    4.791778852    4.791778836    3.183642098
    2.142927928    4.782130673    4.782130657    3.181025537
    2.152936937    4.772499132    4.772499116    3.178404583
    2.162945946    4.762884405    4.762884390    3.175779299
    2.172954955    4.753286667    4.753286651    3.173149750
    2.182963964    4.743706086    4.743706070    3.170516001
    2.192972973    4.734142828    4.734142813    3.167878116
    2.202981982    4.724597057    4.724597041    3.165236158
    2.212990991    4.715068929    4.715068913    3.162590191
    2.223000000    4.705558601    4.705558585    3.159940278
    2.233009009    4.696066223    4.696066208    3.157286482
    2.243018018    4.686591944    4.686591929    3.154628865
    2.253027027    4.677135909    4.677135894    3.151967490
    2.263036036    4.667698258    4.667698243    3.149302420
    2.273045045    4.658279129    4.658279114    3.146633714
    2.283054054    4.648878657    4.648878642    3.143961436
    2.293063063    4.639496973    4.639496959    3.141285646
    2.303072072    4.630134206    4.630134191    3.138606405
    2.313081081    4.620790479    4.620790465    3.135923773
    2.323090090    4.611465916    4.611465901    3.133237811
    2.333099099    4.602160633    4.602160619    3.130548578
    2.343108108    4.592874748    4.592874734    3.127856135
    2.353117117    4.583608373    4.583608358    3.125160540
    2.363126126    4.574361617    4.574361603    3.122461853
    2.373135135    4.565134587    4.565134573    3.119760133
    2.383144144    4.555927388    4.555927374    3.117055437
    2.393153153    4.546740119    4.546740105    3.114347824
    2.403162162    4.537572880    4.537572866    3.111637351
    2.413171171    4.528425766    4.528425752    3.108924077
    2.423180180    4.519298870    4.519298856    3.106208058
    2.433189189    4.510192281    4.510192267    3.103489351
    2.443198198    4.501106088    4.501106074    3.100768014
    2.453207207    4.492040374    4.492040361    3.098044101
    2.463216216    4.482995223    4.482995210    3.095317669
    2.473225225    4.473970714    4.473970701    3.092588775
    2.483234234    4.464966925    4.464966911    3.089857472
    2.493243243    4.455983930    4.455983916    3.087123816
    2.503252252    4.447021801    4.447021788    3.084387863
    2.513261261    4.438080609    4.438080596    3.081649665
    2.523270270    4.429160421    4.429160408    3.078909278
    2.533279279    4.420261303    4.420261290    3.076166756
    2.543288288    4.411383318    4.411383305    3.073422151
    2.553297297    4.402526526    4.402526513    3.070675517
    2.563306306    4.393690987    4.393690974    3.067926906
    2.573315315    4.384876756    4.384876743    3.065176372
    2.583324324    4.376083888    4.376083875    3.062423967
    2.593333333    4.367312436    4.367312423    3.059669742
    2.603342342    4.358562448    4.358562435    3.056913749
    2.613351351    4.349833974    4.349833961    3.054156040
    2.623360360    4.341127059    4.341127047    3.051396665
    2.633369369    4.332441748    4.332441736    3.048635675
    2.643378378    4.323778083    4.323778070    3.045873121
    2.653387387    4.315136103    4.315136090    3.043109052
    2.663396396    4.306515847    4.306515835    3.040343519
    2.673405405    4.297917352    4.297917340    3.037576571
    2.683414414    4.289340652    4.289340640    3.034808257
    2.693423423    4.280785780    4.280785768    3.032038626
    2.703432432    4.272252768    4.272252755    3.029267726
    2.713441441    4.263741643    4.263741631    3.026495605
    2.723450450    4.255252435    4.255252422    3.023722313
    2.733459459    4.246785168    4.246785156    3.020947895
    2.743468468    4.238339867    4.238339855    3.018172400
    2.753477477    4.229916555    4.229916543    3.015395874
    2.763486486    4.221515252    4.221515241    3.012618364
    2.773495495    4.213135979    4.213135967    3.009839917
    2.783504505    4.204778752    4.204778741    3.007060578
    2.793513514    4.196443589    4.196443577    3.004280394
    2.803522523    4.188130503    4.188130492    3.001499409
    2.813531532    4.179839509    4.179839497    2.998717670
    2.823540541    4.171570618    4.171570607    2.995935220
    2.833549550    4.163323841    4.163323829    2.993152105
    2.843558559    4.155099186    4.155099175    2.990368368
    2.853567568    4.146896662    4.146896650    2.987584053
    2.863576577    4.138716274    4.138716263    2.984799205
    2.873585586    4.130558028    4.130558016    2.982013867
    2.883594595    4.122421927    4.122421916    2.979228081
    2.893603604    4.114307974    4.114307962    2.976441890
    2.903612613    4.106216169    4.106216158    2.973655337
    2.913621622    4.098146513    4.098146502    2.970868464
    2.923630631    4.090099004    4.090098993    2.968081312
    2.933639640    4.082073640    4.082073629    2.965293924
    2.943648649    4.074070417    4.074070406    2.962506341
    2.953657658    4.066089330    4.066089319    2.959718603
    2.963666667    4.058130372    4.058130361    2.956930751
    2.973675676    4.050193538    4.050193527    2.954142825
    2.983684685    4.042278818    4.042278807    2.951354867
    2.993693694    4.034386203    4.034386192    2.948566914
    3.003702703    4.026515683    4.026515672    2.945779008
    3.013711712    4.018667246    4.018667235    2.942991186
    3.023720721    4.010840880    4.010840869    2.940203489
    3.033729730    4.003036571    4.003036561    2.937415954
    3.043738739    3.995254306    3.995254295    2.934628620
    3.053747748    3.987494067    3.987494057    2.931841525
    3.063756757    3.979755841    3.979755830    2.929054707
    3.073765766    3.972039608    3.972039597    2.926268203
    3.083774775    3.964345351    3.964345340    2.923482050
    3.093783784    3.956673050    3.956673040    2.920696286
    3.103792793    3.949022686    3.949022676    2.917910946
    3.113801802    3.941394238    3.941394228    2.915126068
    3.123810811    3.933787684    3.933787674    2.912341687
    3.133819820    3.926203002    3.926202992    2.909557839
    3.143828829    3.918640169    3.918640159    2.906774560
    3.153837838    3.911099159    3.911099149    2.903991885
    3.163846847    3.903579949    3.903579939    2.901209848
    3.173855856    3.896082513    3.896082503    2.898428485
    3.183864865    3.888606824    3.888606815    2.895647829
    3.193873874    3.881152856    3.881152846    2.892867916
    3.203882883    3.873720580    3.873720570    2.890088778
    3.213891892    3.866309968    3.866309958    2.887310449
    3.223900901    3.858920991    3.858920981    2.884532963
    3.233909910    3.851553618    3.851553609    2.881756353
    3.243918919    3.844207820    3.844207810    2.878980651
    3.253927928    3.836883564    3.836883555    2.876205891
    3.263936937    3.829580820    3.829580811    2.873432103
    3.273945946    3.822299555    3.822299545    2.870659320
    3.283954955    3.815039735    3.815039725    2.867887575
    3.293963964    3.807801327    3.807801317    2.865116897
    3.303972973    3.800584296    3.800584287    2.862347319
    3.313981982    3.793388609    3.793388599    2.859578871
    3.323990991    3.786214229    3.786214219    2.856811584
    3.334000000    3.779061120    3.779061111    2.854045488
    3.344009009    3.771929247    3.771929238    2.851280614
    3.354018018    3.764818572    3.764818562    2.848516991
    3.364027027    3.757729057    3.757729048    2.845754650
    3.374036036    3.750660665    3.750660656    2.842993618
    3.384045045    3.743613357    3.743613348    2.840233926
    3.394054054    3.736587095    3.736587086    2.837475602
    3.404063063    3.729581838    3.729581829    2.834718675
    3.414072072    3.722597547    3.722597538    2.831963174
    3.424081081    3.715634182    3.715634173    2.829209125
    3.434090090    3.708691702    3.708691693    2.826456558
    3.444099099    3.701770065    3.701770057    2.823705500
    3.454108108    3.694869231    3.694869222    2.820955978
    3.464117117    3.687989157    3.687989149    2.818208019
    3.474126126    3.681129801    3.681129793    2.815461650
    3.484135135    3.674291120    3.674291112    2.812716899
    3.494144144    3.667473071    3.667473063    2.809973790
    3.504153153    3.660675611    3.660675602    2.807232351
    3.514162162    3.653898695    3.653898687    2.804492606
    3.524171171    3.647142280    3.647142272    2.801754583
    3.534180180    3.640406321    3.640406313    2.799018307
    3.544189189    3.633690773    3.633690765    2.796283801
    3.554198198    3.626995591    3.626995583    2.793551093
    3.564207207    3.620320730    3.620320722    2.790820205
    3.574216216    3.613666144    3.613666135    2.788091164
    3.584225225    3.607031786    3.607031778    2.785363992
    3.594234234    3.600417611    3.600417603    2.782638715
    3.604243243    3.593823571    3.593823563    2.779915355
    3.614252252    3.587249621    3.587249613    2.777193937
    3.624261261    3.580695712    3.580695704    2.774474484
    3.634270270    3.574161797    3.574161789    2.771757019
    3.644279279    3.567647830    3.567647822    2.769041565
    3.654288288    3.561153761    3.561153753    2.766328144
    3.664297297    3.554679543    3.554679535    2.763616780
    3.674306306    3.548225127    3.548225119    2.760907493
    3.684315315    3.541790465    3.541790457    2.758200308
    3.694324324    3.535375508    3.535375500    2.755495244
    3.704333333    3.528980207    3.528980199    2.752792324
    3.714342342    3.522604513    3.522604505    2.750091570
    3.724351351    3.516248377    3.516248369    2.747393002
    3.734360360    3.509911749    3.509911741    2.744696641
    3.744369369    3.503594579    3.503594571    2.742002508
    3.754378378    3.497296817    3.497296810    2.739310624
    3.764387387    3.491018414    3.491018407    2.736621008
    3.774396396    3.484759319    3.484759312    2.733933682
    3.784405405    3.478519482    3.478519475    2.731248664
    3.794414414    3.472298853    3.472298845    2.728565976
    3.804423423    3.466097380    3.466097372    2.725885635
    3.814432432    3.459915013    3.459915005    2.723207662
    3.824441441    3.453751701    3.453751693    2.720532075
    3.834450450    3.447607393    3.447607385    2.717858894
    3.844459459    3.441482038    3.441482030    2.715188137
    3.854468468    3.435375584    3.435375577    2.712519823
    3.864477477    3.429287981    3.429287973    2.709853969
    3.874486486    3.423219176    3.423219169    2.707190595
    3.884495495    3.417169119    3.417169111    2.704529717
    3.894504505    3.411137757    3.411137749    2.701871354
    3.904513514    3.405125038    3.405125031    2.699215524
    3.914522523    3.399130912    3.399130905    2.696562243
    3.924531532    3.393155326    3.393155319    2.693911528
    3.934540541    3.387198228    3.387198221    2.691263397
    3.944549550    3.381259566    3.381259559    2.688617866
    3.954558559    3.375339287    3.375339280    2.685974953
    3.964567568    3.369437341    3.369437334    2.683334672
    3.974576577    3.363553673    3.363553666    2.680697041
    3.984585586    3.357688233    3.357688226    2.678062076
    3.994594595    3.351840968    3.351840961    2.675429792
    4.004603604    3.346011825    3.346011819    2.672800205
    4.014612613    3.340200753    3.340200746    2.670173330
    4.024621622    3.334407698    3.334407691    2.667549183
    4.034630631    3.328632608    3.328632601    2.664927779
    4.044639640    3.322875430    3.322875423    2.662309133
    4.054648649    3.317136113    3.317136106    2.659693260
    4.064657658    3.311414603    3.311414596    2.657080174
    4.074666667    3.305710848    3.305710841    2.654469889
    4.084675676    3.300024795    3.300024789    2.651862420
    4.094684685    3.294356393    3.294356386    2.649257781
    4.104693694    3.288705587    3.288705580    2.646655986
    4.114702703    3.283072326    3.283072319    2.644057049
    4.124711712    3.277456556    3.277456550    2.641460982
    4.134720721    3.271858226    3.271858220    2.638867800
    4.144729730    3.266277283    3.266277277    2.636277516
    4.154738739    3.260713674    3.260713667    2.633690143
    4.164747748    3.255167346    3.255167340    2.631105694
    4.174756757    3.249638248    3.249638241    2.628524181
    4.184765766    3.244126326    3.244126319    2.625945617
    4.194774775    3.238631528    3.238631521    2.623370014
    4.204783784    3.233153801    3.233153794    2.620797386
    4.214792793    3.227693093    3.227693087    2.618227743
    4.224801802    3.222249352    3.222249345    2.615661098
    4.234810811    3.216822524    3.216822518    2.613097462
    4.244819820    3.211412559    3.211412553    2.610536848
    4.254828829    3.206019403    3.206019397    2.607979266
    4.264837838    3.200643004    3.200642998    2.605424729
    4.274846847    3.195283310    3.195283304    2.602873246
    4.284855856    3.189940268    3.189940262    2.600324830
    4.294864865    3.184613827    3.184613821    2.597779491
    4.304873874    3.179303935    3.179303928    2.595237240
    4.314882883    3.174010538    3.174010532    2.592698088
    4.324891892    3.168733586    3.168733580    2.590162044
    4.334900901    3.163473026    3.163473020    2.587629119
    4.344909910    3.158228807    3.158228801    2.585099324
    4.354918919    3.153000876    3.153000870    2.582572667
    4.364927928    3.147789182    3.147789176    2.580049160
    4.374936937    3.142593673    3.142593667    2.577528812
    4.384945946    3.137414298    3.137414292    2.575011633
    4.394954955    3.132251004    3.132250998    2.572497631
    4.404963964    3.127103741    3.127103735    2.569986816
    4.414972973    3.121972457    3.121972451    2.567479198
    4.424981982    3.116857100    3.116857094    2.564974785
    4.434990991    3.111757620    3.111757614    2.562473586
    4.445000000    3.106673965    3.106673959    2.559975611
    4.455009009    3.101606083    3.101606077    2.557480867
    4.465018018    3.096553925    3.096553919    2.554989363
    4.475027027    3.091517438    3.091517433    2.552501107
    4.485036036    3.086496573    3.086496567    2.550016108
    4.495045045    3.081491278    3.081491272    2.547534374
    4.505054054    3.076501502    3.076501496    2.545055913
    4.515063063    3.071527195    3.071527189    2.542580732
    4.525072072    3.066568307    3.066568301    2.540108840
    4.535081081    3.061624786    3.061624780    2.537640243
    4.545090090    3.056696583    3.056696577    2.535174950
    4.555099099    3.051783647    3.051783642    2.532712968
    4.565108108    3.046885929    3.046885923    2.530254303
    4.575117117    3.042003377    3.042003371    2.527798964
    4.585126126    3.037135943    3.037135937    2.525346956
    4.595135135    3.032283575    3.032283570    2.522898287
    4.605144144    3.027446225    3.027446220    2.520452964
    4.615153153    3.022623843    3.022623838    2.518010993
    4.625162162    3.017816379    3.017816374    2.515572381
    4.635171171    3.013023784    3.013023778    2.513137133
    4.645180180    3.008246008    3.008246002    2.510705257
    4.655189189    3.003483002    3.003482997    2.508276759
    4.665198198    2.998734717    2.998734712    2.505851643
    4.675207207    2.994001104    2.994001098    2.503429918
    4.685216216    2.989282114    2.989282108    2.501011587
    4.695225225    2.984577697    2.984577692    2.498596657
    4.705234234    2.979887807    2.979887801    2.496185134
    4.715243243    2.975212393    2.975212387    2.493777023
    4.725252252    2.970551407    2.970551402    2.491372329
    4.735261261    2.965904801    2.965904796    2.488971058
    4.745270270    2.961272527    2.961272521    2.486573214
    4.755279279    2.956654536    2.956654530    2.484178803
    4.765288288    2.952050780    2.952050775    2.481787830
    4.775297297    2.947461212    2.947461207    2.479400300
    4.785306306    2.942885783    2.942885778    2.477016216
    4.795315315    2.938324447    2.938324442    2.474635585
    4.805324324    2.933777155    2.933777150    2.472258410
    4.815333333    2.929243859    2.929243854    2.469884696
    4.825342342    2.924724514    2.924724509    2.467514447
    4.835351351    2.920219070    2.920219065    2.465147668
    4.845360360    2.915727482    2.915727477    2.462784362
    4.855369369    2.911249702    2.911249697    2.460424534
    4.865378378    2.906785684    2.906785679    2.458068187
    4.875387387    2.902335380    2.902335375    2.455715326
    4.885396396    2.897898744    2.897898739    2.453365954
    4.895405405    2.893475730    2.893475725    2.451020074
    4.905414414    2.889066290    2.889066285    2.448677691
    4.915423423    2.884670380    2.884670375    2.446338807
    4.925432432    2.880287953    2.880287948    2.444003427
    4.935441441    2.875918962    2.875918957    2.441671553
    4.945450450    2.871563363    2.871563358    2.439343189
    4.955459459    2.867221108    2.867221103    2.437018337
    4.965468468    2.862892154    2.862892149    2.434697000
    4.975477477    2.858576453    2.858576448    2.432379183
    4.985486486    2.854273961    2.854273956    2.430064887
    4.995495495    2.849984632    2.849984628    2.427754115
    5.005504505    2.845708422    2.845708418    2.425446869
    5.015513514    2.841445286    2.841445281    2.423143153
    5.025522523    2.837195178    2.837195173    2.420842969
    5.035531532    2.832958053    2.832958049    2.418546319
    5.045540541    2.828733868    2.828733864    2.416253206
    5.055549550    2.824522578    2.824522573    2.413963631
    5.065558559    2.820324138    2.820324134    2.411677597
    5.075567568    2.816138505    2.816138500    2.409395106
    5.085576577    2.811965633    2.811965629    2.407116161
    5.095585586    2.807805480    2.807805475    2.404840762
    5.105594595    2.803658001    2.803657997    2.402568911
    5.115603604    2.799523153    2.799523149    2.400300611
    5.125612613    2.795400892    2.795400888    2.398035864
    5.135621622    2.791291175    2.791291170    2.395774669
    5.145630631    2.787193958    2.787193954    2.393517031
    5.155639640    2.783109199    2.783109194    2.391262948
    5.165648649    2.779036853    2.779036849    2.389012424
    5.175657658    2.774976879    2.774976875    2.386765459
    5.185666667    2.770929234    2.770929230    2.384522055
    5.195675676    2.766893875    2.766893870    2.382282212
    5.205684685    2.762870759    2.762870754    2.380045932
    5.215693694    2.758859844    2.758859839    2.377813215
    5.225702703    2.754861088    2.754861083    2.375584064
    5.235711712    2.750874448    2.750874444    2.373358477
    5.245720721    2.746899883    2.746899879    2.371136457
    5.255729730    2.742937351    2.742937347    2.368918004
    5.265738739    2.738986811    2.738986806    2.366703119
    5.275747748    2.735048220    2.735048215    2.364491801
    5.285756757    2.731121537    2.731121532    2.362284053
    5.295765766    2.727206721    2.727206716    2.360079874
    5.305774775    2.723303730    2.723303726    2.357879264
    5.315783784    2.719412524    2.719412520    2.355682224
    5.325792793    2.715533062    2.715533057    2.353488754
    5.335801802    2.711665302    2.711665298    2.351298854
    5.345810811    2.707809205    2.707809201    2.349112525
    5.355819820    2.703964729    2.703964725    2.346929766
    5.365828829    2.700131835    2.700131831    2.344750578
    5.375837838    2.696310482    2.696310477    2.342574959
    5.385846847    2.692500629    2.692500625    2.340402911
    5.395855856    2.688702238    2.688702234    2.338234434
    5.405864865    2.684915267    2.684915263    2.336069525
    5.415873874    2.681139678    2.681139674    2.333908187
    5.425882883    2.677375430    2.677375426    2.331750417
    5.435891892    2.673622485    2.673622481    2.329596216
    5.445900901    2.669880803    2.669880798    2.327445583
    5.455909910    2.666150344    2.666150340    2.325298518
    5.465918919    2.662431069    2.662431065    2.323155020
    5.475927928    2.658722941    2.658722937    2.321015088
    5.485936937    2.655025919    2.655025915    2.318878721
    5.495945946    2.651339965    2.651339961    2.316745920
    5.505954955    2.647665041    2.647665037    2.314616682
    5.515963964    2.644001108    2.644001104    2.312491007
    5.525972973    2.640348127    2.640348123    2.310368895
    5.535981982    2.636706062    2.636706058    2.308250344
    5.545990991    2.633074873    2.633074869    2.306135353
    5.556000000    2.629454522    2.629454518    2.304023921
    5.566009009    2.625844973    2.625844969    2.301916046
    5.576018018    2.622246187    2.622246183    2.299811729
    5.586027027    2.618658126    2.618658122    2.297710967
    5.596036036    2.615080754    2.615080750    2.295613759
    5.606045045    2.611514033    2.611514029    2.293520104
    5.616054054    2.607957926    2.607957922    2.291430000
    5.626063063    2.604412396    2.604412392    2.289343446
    5.636072072    2.600877406    2.600877402    2.287260440
    5.646081081    2.597352920    2.597352916    2.285180981
    5.656090090    2.593838900    2.593838896    2.283105068
    5.666099099    2.590335310    2.590335306    2.281032698
    5.676108108    2.586842114    2.586842110    2.278963870
    5.686117117    2.583359276    2.583359272    2.276898583
    5.696126126    2.579886759    2.579886755    2.274836833
    5.706135135    2.576424527    2.576424524    2.272778621
    5.716144144    2.572972546    2.572972542    2.270723943
    5.726153153    2.569530778    2.569530774    2.268672798
    5.736162162    2.566099188    2.566099184    2.266625183
    5.746171171    2.562677741    2.562677737    2.264581098
    5.756180180    2.559266402    2.559266398    2.262540539
    5.766189189    2.555865135    2.555865131    2.260503506
    5.776198198    2.552473904    2.552473901    2.258469994
    5.786207207    2.549092676    2.549092673    2.256440004
    5.796216216    2.545721415    2.545721412    2.254413531
    5.806225225    2.542360087    2.542360083    2.252390574
    5.816234234    2.539008656    2.539008653    2.250371131
    5.826243243    2.535667089    2.535667086    2.248355200
    5.836252252    2.532335351    2.532335347    2.246342777
    5.846261261    2.529013408    2.529013404    2.244333861
    5.856270270    2.525701225    2.525701221    2.242328449
    5.866279279    2.522398769    2.522398765    2.240326539
    5.876288288    2.519106006    2.519106002    2.238328128
    5.886297297    2.515822901    2.515822898    2.236333214
    5.896306306    2.512549422    2.512549419    2.234341793
    5.906315315    2.509285535    2.509285531    2.232353864
    5.916324324    2.506031206    2.506031203    2.230369423
    5.926333333    2.502786403    2.502786399    2.228388469
    5.936342342    2.499551091    2.499551088    2.226410997
    5.946351351    2.496325239    2.496325235    2.224437006
    5.956360360    2.493108812    2.493108809    2.222466493
    5.966369369    2.489901779    2.489901776    2.220499454
    5.976378378    2.486704106    2.486704103    2.218535888
    5.986387387    2.483515762    2.483515758    2.216575790
    5.996396396    2.480336713    2.480336710    2.214619159
    6.006405405    2.477166927    2.477166924    2.212665990
    6.016414414    2.474006373    2.474006369    2.210716282
    6.026423423    2.470855017    2.470855014    2.208770031
    6.036432432    2.467712829    2.467712825    2.206827233
    6.046441441    2.464579775    2.464579772    2.204887887
    6.056450450    2.461455825    2.461455822    2.202951988
    6.066459459    2.458340947    2.458340944    2.201019534
    6.076468468    2.455235109    2.455235106    2.199090521
    6.086477477    2.452138280    2.452138277    2.197164946
    6.096486486    2.449050429    2.449050426    2.195242807
    6.106495495    2.445971524    2.445971521    2.193324099
    6.116504505    2.442901535    2.442901532    2.191408819
    6.126513514    2.439840430    2.439840427    2.189496964
    6.136522523    2.436788179    2.436788176    2.187588531
    6.146531532    2.433744751    2.433744747    2.185683516
    6.156540541    2.430710115    2.430710112    2.183781916
    6.166549550    2.427684241    2.427684238    2.181883727
    6.176558559    2.424667099    2.424667096    2.179988946
    6.186567568    2.421658658    2.421658655    2.178097569
    6.196576577    2.418658888    2.418658885    2.176209594
    6.206585586    2.415667759    2.415667756    2.174325015
    6.216594595    2.412685242    2.412685239    2.172443831
    6.226603604    2.409711306    2.409711303    2.170566036
    6.236612613    2.406745922    2.406745918    2.168691628
    6.246621622    2.403789059    2.403789056    2.166820603
    6.256630631    2.400840690    2.400840687    2.164952957
    6.266639640    2.397900784    2.397900780    2.163088686
    6.276648649    2.394969311    2.394969308    2.161227787
    6.286657658    2.392046244    2.392046241    2.159370256
    6.296666667    2.389131552    2.389131549    2.157516089
    6.306675676    2.386225208    2.386225205    2.155665283
    6.316684685    2.383327181    2.383327178    2.153817834
    6.326693694    2.380437444    2.380437441    2.151973737
    6.336702703    2.377555967    2.377555964    2.150132989
    6.346711712    2.374682723    2.374682720    2.148295586
    6.356720721    2.371817683    2.371817680    2.146461524
    6.366729730    2.368960818    2.368960815    2.144630800
    6.376738739    2.366112100    2.366112097    2.142803408
    6.386747748    2.363271502    2.363271499    2.140979346
    6.396756757    2.360438995    2.360438992    2.139158610
    6.406765766    2.357614552    2.357614549    2.137341195
    6.416774775    2.354798144    2.354798141    2.135527097
    6.426783784    2.351989744    2.351989741    2.133716312
    6.436792793    2.349189325    2.349189322    2.131908836
    6.446801802    2.346396859    2.346396856    2.130104666
    6.456810811    2.343612318    2.343612315    2.128303797
    6.466819820    2.340835676    2.340835673    2.126506224
    6.476828829    2.338066905    2.338066902    2.124711945
    6.486837838    2.335305978    2.335305975    2.122920954
    6.496846847    2.332552868    2.332552865    2.121133247
    6.506855856    2.329807549    2.329807546    2.119348821
    6.516864865    2.327069993    2.327069990    2.117567671
    6.526873874    2.324340175    2.324340172    2.115789793
    6.536882883    2.321618067    2.321618064    2.114015182
    6.546891892    2.318903642    2.318903640    2.112243835
    6.556900901    2.316196876    2.316196873    2.110475747
    6.566909910    2.313497741    2.313497738    2.108710914
    6.576918919    2.310806212    2.310806209    2.106949331
    6.586927928    2.308122261    2.308122258    2.105190994
    6.596936937    2.305445864    2.305445861    2.103435900
    6.606945946    2.302776995    2.302776992    2.101684043
    6.616954955    2.300115627    2.300115624    2.099935419
    6.626963964    2.297461735    2.297461732    2.098190023
    6.636972973    2.294815294    2.294815291    2.096447853
    6.646981982    2.292176277    2.292176274    2.094708902
    6.656990991    2.289544661    2.289544658    2.092973167
    6.667000000    2.286920418    2.286920415    2.091240643
    6.677009009    2.284303525    2.284303522    2.089511326
    6.687018018    2.281693956    2.281693953    2.087785211
    6.697027027    2.279091687    2.279091684    2.086062294
    6.707036036    2.276496691    2.276496688    2.084342571
    6.717045045    2.273908945    2.273908942    2.082626036
    6.727054054    2.271328424    2.271328421    2.080912685
    6.737063063    2.268755103    2.268755100    2.079202515
    6.747072072    2.266188957    2.266188954    2.077495519
    6.757081081    2.263629963    2.263629960    2.075791695
    6.767090090    2.261078095    2.261078092    2.074091036
    6.777099099    2.258533330    2.258533328    2.072393540
    6.787108108    2.255995644    2.255995641    2.070699200
    6.797117117    2.253465012    2.253465009    2.069008013
    6.807126126    2.250941411    2.250941408    2.067319974
    6.817135135    2.248424816    2.248424813    2.065635078
    6.827144144    2.245915204    2.245915201    2.063953321
    6.837153153    2.243412551    2.243412548    2.062274698
    6.847162162    2.240916833    2.240916831    2.060599204
    6.857171171    2.238428028    2.238428025    2.058926835
    6.867180180    2.235946111    2.235946108    2.057257587
    6.877189189    2.233471059    2.233471057    2.055591454
    6.887198198    2.231002850    2.231002847    2.053928431
    6.897207207    2.228541459    2.228541456    2.052268515
    6.907216216    2.226086864    2.226086861    2.050611700
    6.917225225    2.223639041    2.223639038    2.048957982
    6.927234234    2.221197969    2.221197966    2.047307356
    6.937243243    2.218763623    2.218763620    2.045659817
    6.947252252    2.216335982    2.216335979    2.044015361
    6.957261261    2.213915022    2.213915020    2.042373983
    6.967270270    2.211500722    2.211500719    2.040735678
    6.977279279    2.209093058    2.209093055    2.039100441
    6.987288288    2.206692008    2.206692006    2.037468268
    6.997297297    2.204297551    2.204297548    2.035839154
    7.007306306    2.201909663    2.201909660    2.034213094
    7.017315315    2.199528323    2.199528320    2.032590083
    7.027324324    2.197153508    2.197153506    2.030970117
    7.037333333    2.194785197    2.194785195    2.029353191
    7.047342342    2.192423368    2.192423365    2.027739299
    7.057351351    2.190067998    2.190067996    2.026128438
    7.067360360    2.187719067    2.187719065    2.024520602
    7.077369369    2.185376553    2.185376550    2.022915787
    7.087378378    2.183040433    2.183040431    2.021313988
    7.097387387    2.180710687    2.180710685    2.019715199
    7.107396396    2.178387294    2.178387291    2.018119417
    7.117405405    2.176070231    2.176070228    2.016526636
    7.127414414    2.173759478    2.173759475    2.014936851
    7.137423423    2.171455013    2.171455010    2.013350058
    7.147432432    2.169156816    2.169156813    2.011766252
    7.157441441    2.166864865    2.166864862    2.010185427
    7.167450450    2.164579140    2.164579137    2.008607580
    7.177459459    2.162299619    2.162299617    2.007032705
    7.187468468    2.160026283    2.160026280    2.005460797
    7.197477477    2.157759109    2.157759107    2.003891852
    7.207486486    2.155498079    2.155498076    2.002325864
    7.217495495    2.153243171    2.153243168    2.000762829
    7.227504505    2.150994364    2.150994362    1.999202742
    7.237513514    2.148751639    2.148751637    1.997645597
    7.247522523    2.146514975    2.146514973    1.996091391
    7.257531532    2.144284352    2.144284350    1.994540118
    7.267540541    2.142059750    2.142059748    1.992991773
    7.277549550    2.139841149    2.139841146    1.991446351
    7.287558559    2.137628528    2.137628526    1.989903848
    7.297567568    2.135421868    2.135421866    1.988364259
    7.307576577    2.133221150    2.133221147    1.986827578
    7.317585586    2.131026352    2.131026350    1.985293801
    7.327594595    2.128837457    2.128837454    1.983762923
    7.337603604    2.126654443    2.126654441    1.982234938
    7.347612613    2.124477292    2.124477290    1.980709843
    7.357621622    2.122305984    2.122305982    1.979187632
    7.367630631    2.120140500    2.120140497    1.977668299
    7.377639640    2.117980820    2.117980817    1.976151841
    7.387648649    2.115826925    2.115826923    1.974638253
    7.397657658    2.113678796    2.113678794    1.973127529
    7.407666667    2.111536414    2.111536412    1.971619664
    7.417675676    2.109399760    2.109399758    1.970114654
    7.427684685    2.107268815    2.107268813    1.968612493
    7.437693694    2.105143560    2.105143558    1.967113177
    7.447702703    2.103023977    2.103023974    1.965616701
    7.457711712    2.100910046    2.100910043    1.964123060
    7.467720721    2.098801748    2.098801746    1.962632248
    7.477729730    2.096699067    2.096699064    1.961144261
    7.487738739    2.094601981    2.094601979    1.959659095
    7.497747748    2.092510475    2.092510472    1.958176743
    7.507756757    2.090424528    2.090424526    1.956697202
    7.517765766    2.088344123    2.088344121    1.955220466
    7.527774775    2.086269241    2.086269239    1.953746530
    7.537783784    2.084199865    2.084199862    1.952275389
    7.547792793    2.082135975    2.082135973    1.950807039
    7.557801802    2.080077555    2.080077553    1.949341474
    7.567810811    2.078024586    2.078024584    1.947878689
    7.577819820    2.075977051    2.075977048    1.946418681
    7.587828829    2.073934930    2.073934928    1.944961442
    7.597837838    2.071898208    2.071898205    1.943506970
    7.607846847    2.069866865    2.069866863    1.942055258
    7.617855856    2.067840885    2.067840882    1.940606302
    7.627864865    2.065820249    2.065820247    1.939160097
    7.637873874    2.063804941    2.063804939    1.937716638
    7.647882883    2.061794942    2.061794940    1.936275919
    7.657891892    2.059790236    2.059790234    1.934837937
    7.667900901    2.057790805    2.057790803    1.933402686
    7.677909910    2.055796633    2.055796630    1.931970161
    7.687918919    2.053807701    2.053807698    1.930540358
    7.697927928    2.051823992    2.051823990    1.929113271
    7.707936937    2.049845490    2.049845488    1.927688895
    7.717945946    2.047872178    2.047872176    1.926267226
    7.727954955    2.045904039    2.045904037    1.924848258
    7.737963964    2.043941055    2.043941053    1.923431987
    7.747972973    2.041983211    2.041983209    1.922018407
    7.757981982    2.040030489    2.040030487    1.920607515
    7.767990991    2.038082872    2.038082870    1.919199304
    7.778000000    2.036140345    2.036140343    1.917793770
    7.788009009    2.034202891    2.034202888    1.916390909
    7.798018018    2.032270492    2.032270490    1.914990714
    7.808027027    2.030343133    2.030343131    1.913593182
    7.818036036    2.028420798    2.028420795    1.912198307
    7.828045045    2.026503469    2.026503467    1.910806084
    7.838054054    2.024591131    2.024591129    1.909416509
    7.848063063    2.022683768    2.022683766    1.908029576
    7.858072072    2.020781364    2.020781362    1.906645282
    7.868081081    2.018883902    2.018883900    1.905263620
    7.878090090    2.016991367    2.016991364    1.903884585
    7.888099099    2.015103742    2.015103740    1.902508174
    7.898108108    2.013221011    2.013221009    1.901134381
    7.908117117    2.011343160    2.011343158    1.899763202
    7.918126126    2.009470172    2.009470170    1.898394630
    7.928135135    2.007602032    2.007602029    1.897028663
    7.938144144    2.005738723    2.005738721    1.895665293
    7.948153153    2.003880230    2.003880228    1.894304518
    7.958162162    2.002026538    2.002026536    1.892946331
    7.968171171    2.000177632    2.000177630    1.891590729
    7.978180180    1.998333495    1.998333493    1.890237705
    7.988189189    1.996494113    1.996494111    1.888887256
    7.998198198    1.994659470    1.994659468    1.887539376
    8.008207207    1.992829552    1.992829550    1.886194061
    8.018216216    1.991004342    1.991004340    1.884851305
    8.028225225    1.989183826    1.989183824    1.883511105
    8.038234234    1.987367988    1.987367986    1.882173454
    8.048243243    1.985556814    1.985556812    1.880838349
    8.058252252    1.983750289    1.983750287    1.879505783
    8.068261261    1.981948398    1.981948396    1.878175754
    8.078270270    1.980151126    1.980151124    1.876848255
    8.088279279    1.978358458    1.978358456    1.875523282
    8.098288288    1.976570380    1.976570378    1.874200830
    8.108297297    1.974786876    1.974786874    1.872880894
    8.118306306    1.973007933    1.973007931    1.871563469
    8.128315315    1.971233535    1.971233533    1.870248552
    8.138324324    1.969463668    1.969463666    1.868936136
    8.148333333    1.967698318    1.967698316    1.867626217
    8.158342342    1.965937471    1.965937469    1.866318790
    8.168351351    1.964181111    1.964181109    1.865013850
    8.178360360    1.962429225    1.962429223    1.863711393
    8.188369369    1.960681799    1.960681797    1.862411414
    8.198378378    1.958938818    1.958938816    1.861113908
    8.208387387    1.957200267    1.957200265    1.859818871
    8.218396396    1.955466134    1.955466132    1.858526297
    8.228405405    1.953736404    1.953736402    1.857236181
    8.238414414    1.952011063    1.952011061    1.855948520
    8.248423423    1.950290097    1.950290095    1.854663308
    8.258432432    1.948573492    1.948573490    1.853380540
    8.268441441    1.946861234    1.946861232    1.852100212
    8.278450450    1.945153310    1.945153308    1.850822319
    8.288459459    1.943449706    1.943449704    1.849546856
    8.298468468    1.941750408    1.941750406    1.848273819
    8.308477477    1.940055403    1.940055401    1.847003202
    8.318486486    1.938364677    1.938364675    1.845735002
    8.328495495    1.936678216    1.936678214    1.844469213
    8.338504505    1.934996007    1.934996005    1.843205830
    8.348513514    1.933318037    1.933318035    1.841944850
    8.358522523    1.931644292    1.931644290    1.840686267
    8.368531532    1.929974759    1.929974757    1.839430076
    8.378540541    1.928309425    1.928309423    1.838176273
    8.388549550    1.926648276    1.926648274    1.836924853
    8.398558559    1.924991299    1.924991298    1.835675812
    8.408567568    1.923338482    1.923338480    1.834429145
    8.418576577    1.921689810    1.921689808    1.833184846
    8.428585586    1.920045272    1.920045270    1.831942913
    8.438594595    1.918404853    1.918404851    1.830703339
    8.448603604    1.916768542    1.916768540    1.829466120
    8.458612613    1.915136325    1.915136323    1.828231251
    8.468621622    1.913508189    1.913508187    1.826998729
    8.478630631    1.911884121    1.911884120    1.825768547
    8.488639640    1.910264110    1.910264108    1.824540703
    8.498648649    1.908648141    1.908648140    1.823315190
    8.508657658    1.907036203    1.907036202    1.822092004
    8.518666667    1.905428283    1.905428282    1.820871142
    8.528675676    1.903824369    1.903824367    1.819652597
    8.538684685    1.902224447    1.902224445    1.818436366
    8.548693694    1.900628505    1.900628503    1.817222444
    8.558702703    1.899036531    1.899036529    1.816010826
    8.568711712    1.897448513    1.897448511    1.814801508
    8.578720721    1.895864438    1.895864436    1.813594485
    8.588729730    1.894284293    1.894284292    1.812389752
    8.598738739    1.892708068    1.892708066    1.811187306
    8.608747748    1.891135749    1.891135747    1.809987141
    8.618756757    1.889567324    1.889567322    1.808789253
    8.628765766    1.888002781    1.888002779    1.807593637
    8.638774775    1.886442109    1.886442107    1.806400289
    8.648783784    1.884885294    1.884885292    1.805209205
    8.658792793    1.883332326    1.883332324    1.804020379
    8.668801802    1.881783192    1.881783190    1.802833807
    8.678810811    1.880237880    1.880237878    1.801649485
    8.688819820    1.878696379    1.878696377    1.800467408
    8.698828829    1.877158676    1.877158674    1.799287572
    8.708837838    1.875624760    1.875624758    1.798109972
    8.718846847    1.874094619    1.874094618    1.796934603
    8.728855856    1.872568242    1.872568241    1.795761462
    8.738864865    1.871045617    1.871045615    1.794590543
    8.748873874    1.869526732    1.869526730    1.793421843
    8.758882883    1.868011576    1.868011574    1.792255356
    8.768891892    1.866500137    1.866500135    1.791091079
    8.778900901    1.864992403    1.864992402    1.789929006
    8.788909910    1.863488364    1.863488363    1.788769134
    8.798918919    1.861988008    1.861988007    1.787611458
    8.808927928    1.860491324    1.860491322    1.786455973
    8.818936937    1.858998300    1.858998298    1.785302675
    8.828945946    1.857508925    1.857508923    1.784151560
    8.838954955    1.856023187    1.856023186    1.783002623
    8.848963964    1.854541077    1.854541075    1.781855860
    8.858972973    1.853062582    1.853062580    1.780711266
    8.868981982    1.851587691    1.851587690    1.779568838
    8.878990991    1.850116394    1.850116392    1.778428569
    8.889000000    1.848648679    1.848648677    1.777290457
    8.899009009    1.847184535    1.847184534    1.776154497
    8.909018018    1.845723952    1.845723951    1.775020684
    8.919027027    1.844266919    1.844266917    1.773889015
    8.929036036    1.842813424    1.842813422    1.772759484
    8.939045045    1.841363457    1.841363455    1.771632087
    8.949054054    1.839917007    1.839917005    1.770506821
    8.959063063    1.838474063    1.838474062    1.769383680
    8.969072072    1.837034615    1.837034614    1.768262660
    8.979081081    1.835598652    1.835598651    1.767143758
    8.989090090    1.834166163    1.834166162    1.766026968
    8.999099099    1.832737139    1.832737137    1.764912286
    9.009108108    1.831311567    1.831311565    1.763799709
    9.019117117    1.829889438    1.829889436    1.762689231
    9.029126126    1.828470741    1.828470739    1.761580849
    9.039135135    1.827055466    1.827055464    1.760474558
    9.049144144    1.825643602    1.825643601    1.759370354
    9.059153153    1.824235140    1.824235138    1.758268233
    9.069162162    1.822830068    1.822830066    1.757168190
    9.079171171    1.821428376    1.821428375    1.756070221
    9.089180180    1.820030055    1.820030053    1.754974322
    9.099189189    1.818635093    1.818635092    1.753880489
    9.109198198    1.817243482    1.817243480    1.752788717
    9.119207207    1.815855210    1.815855208    1.751699002
    9.129216216    1.814470267    1.814470266    1.750611340
    9.139225225    1.813088644    1.813088643    1.749525727
    9.149234234    1.811710330    1.811710329    1.748442158
    9.159243243    1.810335316    1.810335315    1.747360630
    9.169252252    1.808963591    1.808963590    1.746281137
    9.179261261    1.807595146    1.807595145    1.745203677
    9.189270270    1.806229971    1.806229969    1.744128244
    9.199279279    1.804868055    1.804868053    1.743054835
    9.209288288    1.803509389    1.803509387    1.741983445
    9.219297297    1.802153963    1.802153962    1.740914071
    9.229306306    1.800801768    1.800801766    1.739846707
    9.239315315    1.799452793    1.799452792    1.738781351
    9.249324324    1.798107030    1.798107028    1.737717997
    9.259333333    1.796764468    1.796764466    1.736656642
    9.269342342    1.795425098    1.795425096    1.735597281
    9.279351351    1.794088909    1.794088908    1.734539911
    9.289360360    1.792755894    1.792755892    1.733484527
    9.299369369    1.791426042    1.791426040    1.732431125
    9.309378378    1.790099343    1.790099341    1.731379701
    9.319387387    1.788775788    1.788775787    1.730330252
    9.329396396    1.787455369    1.787455367    1.729282772
    9.339405405    1.786138074    1.786138073    1.728237258
    9.349414414    1.784823896    1.784823895    1.727193705
    9.359423423    1.783512825    1.783512823    1.726152111
    9.369432432    1.782204851    1.782204850    1.725112470
    9.379441441    1.780899965    1.780899964    1.724074778
    9.389450450    1.779598159    1.779598157    1.723039033
    9.399459459    1.778299422    1.778299421    1.722005228
    9.409468468    1.777003746    1.777003745    1.720973361
    9.419477477    1.775711122    1.775711120    1.719943428
    9.429486486    1.774421540    1.774421538    1.718915424
    9.439495495    1.773134992    1.773134990    1.717889345
    9.449504505    1.771851468    1.771851466    1.716865188
    9.459513514    1.770570959    1.770570958    1.715842948
    9.469522523    1.769293457    1.769293456    1.714822622
    9.479531532    1.768018953    1.768018951    1.713804205
    9.489540541    1.766747437    1.766747436    1.712787694
    9.499549550    1.765478901    1.765478900    1.711773084
    9.509558559    1.764213336    1.764213335    1.710760372
    9.519567568    1.762950734    1.762950732    1.709749553
    9.529576577    1.761691085    1.761691083    1.708740624
    9.539585586    1.760434380    1.760434379    1.707733581
    9.549594595    1.759180612    1.759180610    1.706728420
    9.559603604    1.757929770    1.757929769    1.705725136
    9.569612613    1.756681848    1.756681847    1.704723727
    9.579621622    1.755436836    1.755436834    1.703724188
    9.589630631    1.754194725    1.754194723    1.702726514
    9.599639640    1.752955506    1.752955505    1.701730704
    9.609648649    1.751719173    1.751719171    1.700736751
    9.619657658    1.750485715    1.750485714    1.699744653
    9.629666667    1.749255125    1.749255123    1.698754406
    9.639675676    1.748027393    1.748027392    1.697766005
    9.649684685    1.746802513    1.746802511    1.696779448
    9.659693694    1.745580474    1.745580473    1.695794729
    9.669702703    1.744361269    1.744361268    1.694811846
    9.679711712    1.743144890    1.743144889    1.693830794
    9.689720721    1.741931328    1.741931327    1.692851570
    9.699729730    1.740720575    1.740720574    1.691874170
    9.709738739    1.739512623    1.739512622    1.690898589
    9.719747748    1.738307464    1.738307462    1.689924825
    9.729756757    1.737105088    1.737105087    1.688952873
    9.739765766    1.735905489    1.735905488    1.687982729
    9.749774775    1.734708659    1.734708657    1.687014390
    9.759783784    1.733514588    1.733514586    1.686047853
    9.769792793    1.732323269    1.732323267    1.685083112
    9.779801802    1.731134694    1.731134693    1.684120165
    9.789810811    1.729948855    1.729948854    1.683159008
    9.799819820    1.728765744    1.728765743    1.682199636
    9.809828829    1.727585353    1.727585351    1.681242047
    9.819837838    1.726407674    1.726407672    1.680286236
    9.829846847    1.725232699    1.725232698    1.679332200
    9.839855856    1.724060420    1.724060419    1.678379935
    9.849864865    1.722890830    1.722890829    1.677429437
    9.859873874    1.721723921    1.721723920    1.676480703
    9.869882883    1.720559685    1.720559683    1.675533729
    9.879891892    1.719398113    1.719398112    1.674588511
    9.889900901    1.718239199    1.718239198    1.673645046
    9.899909910    1.717082935    1.717082933    1.672703329
    9.909918919    1.715929312    1.715929311    1.671763357
    9.919927928    1.714778324    1.714778323    1.670825128
    9.929936937    1.713629963    1.713629961    1.669888635
    9.939945946    1.712484221    1.712484219    1.668953878
    9.949954955    1.711341090    1.711341088    1.668020850
    9.959963964    1.710200563    1.710200562    1.667089550
    9.969972973    1.709062633    1.709062631    1.666159973
    9.979981982    1.707927291    1.707927290    1.665232115
    9.989990991    1.706794532    1.706794530    1.664305974
   10.000000000    1.705664346    1.705664344    1.663381545
